53.1899 -57.3896 16.5115
53.1899 -57.3896 16.5115
53.1899 -57.3896 16.5115
52.4837 -56.3062 16.6758
53.2002 -58.001 16.5152
53.0114 -57.7619 16.6457
52.6319 -56.6973 16.903
52.4516 -56.4737 17.0335
52.274 -56.2535 17.164
52.274 -56.2535 17.164
52.2847 -56.8421 17.1674
51.7572 -55.6125 17.5553
51.4253 -55.201 17.8161
52.0773 -56.2048 17.6515
51.9088 -55.9944 17.7819
51.7427 -55.787 17.9122
51.2587 -55.1827 18.3032
51.4287 -55.9379 18.1761
51.1019 -54.9871 18.4335
50.5309 -54.7615 18.586
50.6934 -55.5023 18.4588
50.6934 -55.5023 18.4588
50.5309 -54.7615 18.586
49.9242 -53.8201 18.7508
49.7802 -53.6384 18.8812
49.9352 -54.36 18.7539
49.9242 -53.8201 18.7508
49.9242 -53.8201 18.7508
49.9242 -53.8201 18.7508
50.0703 -54.0044 18.6205
50.0813 -54.5479 18.6236
50.2293 -54.7385 18.4933
50.2293 -54.7385 18.4933
50.2293 -54.7385 18.4933
50.3795 -54.9319 18.3629
51.003 -55.9033 18.1982
50.3795 -54.9319 18.3629
50.2293 -54.7385 18.4933
50.0813 -54.5479 18.6236
49.9352 -54.36 18.7539
49.9352 -54.36 18.7539
50.6934 -55.5023 18.4588
50.0813 -54.5479 18.6236
50.3795 -54.9319 18.3629
49.8236 -55.2524 18.5185
50.0813 -54.5479 18.6236
50.8582 -56.2532 18.3317
50.0925 -55.0912 18.6267
49.8025 -54.7106 18.8873
49.2553 -54.4926 19.0398
48.9713 -53.6035 19.2974
49.6605 -54.5242 19.0175
50.4038 -55.653 18.7224
49.118 -54.3091 19.1701
48.9826 -54.1282 19.3004
49.118 -54.3091 19.1701
49.6605 -54.5242 19.0175
49.5204 -54.3404 19.1478
49.118 -54.3091 19.1701
48.8377 -53.4284 19.4277
50.1112 -55.2667 18.9829
49.6605 -54.5242 19.0175
49.2553 -54.4926 19.0398
50.0925 -55.0912 18.6267
49.5355 -54.8672 18.7792
49.3944 -54.6786 18.9095
49.6605 -54.5242 19.0175
49.847 -55.4256 18.8749
49.118 -54.3091 19.1701
49.3944 -54.6786 18.9095
49.6785 -55.0585 18.6489
49.5355 -54.8672 18.7792
50.2405 -55.2856 18.4964
50.8582 -56.2532 18.3317
49.5355 -54.8672 18.7792
50.8582 -56.2532 18.3317
49.8236 -55.2524 18.5185
49.8236 -55.2524 18.5185
49.6785 -55.0585 18.6489
50.0925 -55.0912 18.6267
49.8349 -55.7986 18.5216
49.9707 -55.4492 18.3882
50.2825 -56.4088 18.1306
50.1312 -56.2025 18.261
50.1312 -56.2025 18.261
49.6785 -55.0585 18.6489
50.1038 -55.6343 18.6298
50.6009 -56.9786 18.2266
50.1312 -56.2025 18.261
49.9707 -55.4492 18.3882
50.8654 -56.6538 17.9783
50.7087 -56.444 18.1086
49.6899 -55.6009 18.6519
49.6785 -55.0585 18.6489
49.982 -55.9991 18.3913
49.982 -55.9991 18.3913
50.1312 -56.2025 18.261
49.8349 -55.7986 18.5216
49.8349 -55.7986 18.5216
50.4482 -56.7694 18.3569
50.5542 -56.2372 18.2389
49.8236 -55.2524 18.5185
50.6009 -56.9786 18.2266
49.8349 -55.7986 18.5216
50.2976 -56.5631 18.4872
49.8349 -55.7986 18.5216
50.4482 -56.7694 18.3569
50.1312 -56.2025 18.261
50.2825 -56.4088 18.1306
50.7558 -57.1909 18.0963
50.3907 -55.4828 18.3661
49.8349 -55.7986 18.5216
49.6899 -55.6009 18.6519
49.982 -55.9991 18.3913
50.2825 -56.4088 18.1306
50.1312 -56.2025 18.261
50.1312 -56.2025 18.261
49.8349 -55.7986 18.5216
49.8349 -55.7986 18.5216
49.8349 -55.7986 18.5216
49.982 -55.9991 18.3913
49.982 -55.9991 18.3913
50.7087 -56.444 18.1086
50.5542 -56.2372 18.2389
49.982 -55.9991 18.3913
50.5542 -56.2372 18.2389
49.982 -55.9991 18.3913
50.1312 -56.2025 18.261
49.9707 -55.4492 18.3882
50.8654 -56.6538 17.9783
49.8236 -55.2524 18.5185
50.5542 -56.2372 18.2389
49.982 -55.9991 18.3913
50.543 -55.6827 18.2358
49.982 -55.9991 18.3913
50.5542 -56.2372 18.2389
50.2518 -55.8325 18.4995
50.8696 -56.8048 18.3348
49.8349 -55.7986 18.5216
50.8696 -56.8048 18.3348
50.402 -56.0334 18.3692
50.402 -56.0334 18.3692
50.8696 -56.8048 18.3348
50.2518 -55.8325 18.4995
49.8349 -55.7986 18.5216
50.2976 -56.5631 18.4872
50.2976 -56.5631 18.4872
49.5355 -54.8672 18.7792
50.716 -56.5981 18.465
49.8025 -54.7106 18.8873
49.9465 -54.8996 18.757
50.0925 -55.0912 18.6267
50.2518 -55.8325 18.4995
50.0925 -55.0912 18.6267
50.716 -56.5981 18.465
50.5531 -55.8503 18.5922
50.2405 -55.2856 18.4964
50.8582 -56.2532 18.3317
51.1834 -57.2272 18.0742
51.0254 -57.0144 18.2045
50.3907 -55.4828 18.3661
50.8582 -56.2532 18.3317
51.3325 -56.8796 17.9408
51.3325 -56.8796 17.9408
51.3325 -56.8796 17.9408
51.828 -57.5342 17.5498
51.828 -57.5342 17.5498
51.9981 -57.759 17.4194
51.3384 -56.7274 17.5839
52.8095 -58.8472 17.1402
52.1707 -57.9871 17.289
51.6733 -57.1675 17.3231
53.3516 -58.9763 16.7457
52.0185 -57.6211 17.0623
52.6531 -57.8921 16.9101
52.8361 -58.1284 16.7797
53.5418 -59.2234 16.6153
53.5418 -59.2234 16.6153
53.022 -58.3683 16.6492
53.0114 -57.7619 16.6457
53.4026 -58.8597 16.3883
53.587 -58.4907 16.2542
53.587 -58.4907 16.2542
53.5768 -57.8698 16.2505
53.9764 -58.3657 15.9894
54.7185 -58.8801 15.8214
53.8353 -53.5456 16.3164
53.4111 -50.6904 16.5617
53.1895 -48.0776 16.6759
52.2802 -44.5483 16.9539
51.8874 -40.7383 17.1893
52.7405 -40.5424 16.8842
52.3605 -38.5571 17.1327
51.673 -35.9184 17.2826
52.7062 -35.6994 16.8449
52.5113 -33.8267 16.9612
51.6447 -31.1727 17.2418
51.9948 -30.0205 16.9673
51.6333 -28.1922 17.2148
51.1117 -25.8378 17.5889
51.4509 -24.6224 17.3133
51.6248 -23.3989 17.1694
52.121 -22.9541 17.1255
51.8046 -20.3314 17.0072
52.1719 -19.5995 16.736
52.1734 -18.9804 16.7298
51.9919 -17.8175 16.8498
52.1815 -16.4985 16.7044
51.823 -14.2187 16.944
52.3341 -13.1244 16.8926
52.1558 -12.0116 17.0122
51.6259 -10.5672 17.391
51.1186 -9.18383 17.7698
51.7738 -9.166 17.5984
51.7781 -8.57131 17.5916
51.2698 -7.8272 17.9772
51.2698 -7.8272 17.9772
51.1064 -7.39327 18.1035
51.2438 -7.79698 18.3313
51.2438 -7.79698 18.3313
50.6258 -6.69409 18.4894
51.6678 -6.63087 18.2983
50.3188 -5.8707 18.7421
50.3228 -5.31048 18.7352
50.6246 -5.01363 18.823
49.7303 -3.6951 18.8863
50.6429 -4.4212 18.4617
50.9264 -2.79784 18.2003
50.8383 -2.45693 17.9525
50.7066 -0.78554 17.7094
50.5518 0.197895 17.8282
50.2514 1.69723 17.718
51.2438 1.66538 17.2862
51.0905 3.26575 17.397
50.6161 4.57532 17.4199
50.9485 5.45355 17.4998
50.3179 7.09608 17.6485
50.3348 8.30336 17.6326
50.03 9.55509 17.8766
50.0478 10.7505 17.8604
50.0665 11.9487 17.844
49.3107 13.7971 18.1179
49.174 14.6694 18.2355
49.1935 15.8486 18.2186
49.1793 17.2657 18.5701
48.6476 18.0527 18.7056
48.092 20.0707 18.8441
47.9807 21.4445 18.9525
48.1345 22.3716 18.8087
47.7321 22.4501 19.1956
47.4902 23.4312 19.4387
47.501 23.9904 19.4297
47.8029 26.4693 19.5017
46.7519 26.819 19.81
46.763 27.3703 19.8007
46.669 28.644 19.9081
46.6806 29.194 19.8987
46.94 29.9763 19.6279
46.2933 30.872 19.909
46.5478 31.6777 19.6379
46.9433 32.929 19.2313
46.8226 33.0744 19.3572
46.4012 33.6624 19.386
46.5321 34.0934 19.2504
45.8809 34.9493 19.5308
45.4655 35.5299 19.5595
45.4784 36.095 19.5496
44.8401 36.3527 19.8398
44.2776 37.1958 19.6232
44.6647 37.8163 19.5964
44.2537 38.3919 19.6246
44.0576 39.3261 19.3908
43.9566 39.4293 19.5167
43.5331 39.4375 19.5548
43.0524 38.9188 19.7075
42.5105 39.6549 19.8825
42.1318 39.0409 19.9093
43.1967 41.1213 19.4576
42.3876 40.4986 19.5223
42.0684 40.982 19.424
41.4784 41.1708 19.7135
41.1584 41.6535 19.6149
40.5765 41.2718 19.9145
39.7755 41.8409 19.9791
39.6059 42.7236 19.618
39.4304 43.6398 19.2567
39.0134 43.6427 19.2938
38.1852 43.6493 19.3676
37.433 44.1592 19.3048
37.586 44.5941 18.9369
36.3108 44.0259 19.1624
35.9592 44.5417 19.0625
35.4914 44.0351 19.235
34.7294 44.5538 19.1709
34.4117 45.0071 18.9446
33.9835 46.2523 18.9793
33.3084 46.6109 18.6429
32.4893 47.2119 18.7037
32.0812 47.8269 18.6219
31.284 47.1644 18.6836
30.4548 47.2209 18.8799
29.2524 47.8639 19.1004
28.4745 48.3656 18.9073
27.6818 48.8792 18.7137
27.2815 49.4408 18.6116
26.4654 49.9763 18.4174
25.6641 49.9775 18.4855
25.6462 50.65 18.493
24.0833 50.5834 18.6103
23.5729 51.7043 18.1184
22.809 51.7238 18.3114
22.3362 52.3017 18.0819
21.5404 52.3004 18.1482
21.1306 52.9852 18.1878
20.2492 54.1376 17.9633
20.1378 54.7645 17.7005
20.1793 55.4615 17.8331
19.5769 53.5254 18.2916
18.8157 52.8442 18.3504
18.7376 54.1312 18.22
18.9873 55.4476 17.9308
18.4555 56.7255 17.6898
17.8197 55.3675 18.0113
17.6484 54.7374 18.4328
17.651 54.1294 18.4433
17.4299 55.3642 18.0435
16.7332 55.3524 18.234
16.8132 54.7355 18.3708
16.3506 55.3499 18.266
16.3998 56.7145 17.7243
16.1888 55.3628 18.0134
16.4848 56.0699 17.861
16.1888 55.3628 18.0134
15.7136 55.9936 17.9086
15.7136 55.9936 17.9086
15.7136 55.9936 17.9086
16.0951 56.0668 17.8929
15.6314 55.3744 17.7928
15.4185 55.3592 18.0771
15.6314 55.3744 17.7928
15.6358 54.7451 17.8032
15.722 54.7426 17.9295
15.722 54.7426 17.9295
15.7264 54.1186 17.9398
15.4229 54.7397 18.0875
15.5136 54.1228 18.2242
15.8112 54.1204 18.0661
15.7264 54.1186 17.9398
15.8156 53.5016 18.0765
15.9857 52.9039 18.3395
16.1185 53.4937 17.9183
16.0669 52.9138 18.4658
16.4483 52.3057 18.4443
16.8308 51.6965 18.4226
16.6736 52.2737 18.1596
17.2109 51.6923 18.3905
17.3621 50.5332 18.6637
17.6693 50.5012 18.5052
18.0494 50.4954 18.473
18.4982 49.9167 18.5772
18.8788 49.9105 18.5448
18.9397 49.9409 18.6712
19.3793 49.3721 18.7752
19.7579 49.3656 18.7426
20.0852 49.3248 18.5836
20.4183 49.2834 18.4246
20.8903 49.4198 18.6611
21.3215 48.2622 18.7748
21.3796 47.6429 18.8945
21.4231 47.6883 19.0209
21.8284 47.7967 19.131
21.8825 47.1921 19.2507
22.2199 47.1354 19.0912
22.979 47.1191 19.0247
23.421 46.6313 19.254
24.1787 46.0361 19.1971
24.945 46.1455 19.2734
24.9996 45.0472 19.5288
25.3918 44.5335 19.6313
25.7817 44.5877 19.7237
26.9088 43.9932 19.6313
27.2881 43.9829 19.597
27.3113 43.4191 19.7154
28.7931 44.0824 19.6034
29.1973 43.4364 19.5606
29.5835 43.4265 19.5257
30.3607 43.4073 19.4559
30.7133 42.9803 19.6832
31.096 42.4063 19.6581
31.4373 41.9958 19.8853
31.8227 41.9851 19.8499
32.2097 41.9745 19.8145
32.5646 41.489 19.9151
32.9219 41.5626 20.0057
33.3027 40.9973 19.98
32.9454 40.9405 19.9965
34.1185 40.886 19.7821
34.4657 40.4066 19.8823
34.426 40.4981 20.0084
34.7269 40.1192 20.2347
34.5936 39.3173 20.6332
35.0709 40.1997 20.3247
35.0284 40.2907 20.4509
35.8376 39.6307 20.262
35.7903 39.7256 20.3882
36.1206 39.2675 20.4878
36.448 38.8141 20.5874
36.5579 39.1578 20.3251
36.886 38.7015 20.4246
37.2192 38.7892 20.514
37.7242 38.5742 20.2249
37.6073 38.777 20.4772
38.4515 38.6516 20.2772
38.4428 38.106 20.2871
38.9045 37.9865 20.124
38.7639 37.6553 20.3861
39.1493 37.0986 20.3588
39.1493 37.0986 20.3588
39.6155 36.9718 20.1955
39.545 37.0841 20.3216
40.0155 36.957 20.1582
40.0155 36.957 20.1582
40.4078 36.3936 20.1306
40.3228 35.9652 20.2665
40.3228 35.9652 20.2665
40.9703 36.14 19.8411
40.8014 35.8289 20.103
40.8014 35.8289 20.103
40.8014 35.8289 20.103
40.8014 35.8289 20.103
40.4297 35.2275 20.1297
41.278 35.1375 19.9492
40.7918 35.2804 20.1127
41.278 35.1375 19.9492
40.8804 35.7073 19.9769
40.9605 35.5841 19.8509
40.8804 35.7073 19.9769
40.7918 35.2804 20.1127
40.8708 35.1555 19.9867
41.2683 34.5853 19.9589
41.4445 34.882 19.6971
40.8708 35.1555 19.9867
40.7824 34.7327 20.1225
41.4445 34.882 19.6971
40.9605 35.5841 19.8509
40.497 34.5517 20.0134
40.497 34.5517 20.0134
41.0319 34.9009 19.7345
41.2911 35.0758 19.3468
40.8135 34.0215 19.5091
40.781 34.6599 19.5198
41.1876 34.0752 19.4921
40.3987 34.0428 19.5465
40.781 34.6599 19.5198
40.9544 34.9644 19.2581
40.6573 34.7769 19.149
40.1481 34.3598 19.322
40.6969 34.7188 19.0433
40.1391 33.7908 19.3316
40.3055 34.0866 19.0699
40.273 34.7399 19.0805
40.4341 34.4683 18.8284
40.4341 34.4683 18.8284
40.4341 34.4683 18.8284
40.0946 34.9395 18.7298
40.0946 34.9395 18.7298
39.6656 34.9612 18.7668
40.3389 34.5259 18.3519
39.9904 35.0102 18.2532
39.313 34.8481 18.6776
39.3884 34.7113 18.5516
38.4898 34.2279 18.7408
38.9574 34.7344 18.5883
38.6383 34.5397 18.4792
38.5364 35.348 18.6153
38.0425 35.5015 18.7779
38.1091 35.3701 18.6519
37.6201 35.5232 18.8144
37.6838 35.3923 18.6884
37.6838 35.3923 18.6884
37.2677 36.0022 18.7151
36.788 36.1496 18.8775
36.9119 36.4867 18.6157
35.9903 36.114 18.9306
36.3779 36.7527 18.9041
35.9625 36.7726 18.9402
35.5554 37.3732 18.9666
35.5554 37.3732 18.9666
35.1902 37.2755 18.8765
34.7834 37.8779 18.9027
34.7393 37.9904 19.0288
34.7834 37.8779 18.9027
34.3307 38.0086 19.0647
34.3307 38.0086 19.0647
33.9239 38.0269 19.1004
33.0879 38.7449 19.2881
33.4996 39.2735 19.1354
32.6938 39.3333 19.3138
32.2688 39.4496 19.4755
32.2641 38.883 19.4853
31.851 39.5639 19.6371
31.4401 39.6765 19.7987
31.036 39.7872 19.9602
31.0591 40.2492 19.8241
30.6793 40.8207 19.8494
30.2474 40.0034 20.2831
30.2613 39.9113 20.1567
29.1473 40.0687 20.4961
29.5087 41.1202 20.3333
29.5342 42.0524 20.0608
29.1513 42.1432 20.222
28.7701 42.3093 20.5095
28.404 42.3206 20.5442
28.0605 42.2645 20.5607
28.4125 43.3308 20.3978
28.0482 43.884 20.4224
27.6842 43.9592 20.5834
27.326 44.0333 20.7443
26.9734 44.1062 20.9051
26.9696 44.5769 20.7686
26.2849 44.5892 20.9457
26.6229 45.1772 20.9192
26.6169 45.6549 20.7826
26.2813 45.7692 21.0697
26.2838 46.2981 21.0595
26.2569 47.2232 20.6598
25.9013 47.7665 20.6836
26.2707 47.806 20.7758
26.2515 48.2653 20.5127
25.5805 48.2869 20.8158
25.9198 48.8836 20.7892
25.5644 48.8845 20.8234
25.2431 48.3275 20.9763
25.2469 49.4858 21.0998
24.9184 49.958 21.1053
24.9021 50.464 20.9684
24.9219 50.5721 21.2392
24.9406 50.5968 21.3656
24.9247 51.1008 21.2286
24.5991 51.1197 21.389
24.9276 51.6302 21.2179
24.5839 52.156 21.2412
24.6046 52.1714 21.3676
24.3057 52.1973 21.6544
24.625 52.1867 21.494
23.672 52.1496 21.8306
23.9965 53.2411 21.7932
23.9754 53.7528 21.6559
23.9783 54.2742 21.645
24.0229 53.7647 21.9088
23.7141 53.7637 22.069
23.6917 54.2726 21.9317
23.6946 54.788 21.9208
23.6976 55.3041 21.9098
23.37 56.3276 21.9215
23.3942 55.8051 22.059
23.4211 55.7995 22.1854
23.3942 55.8051 22.059
23.3973 56.319 22.0479
23.0693 56.822 22.0706
23.0693 56.822 22.0706
23.1266 56.7994 22.3234
22.8428 56.2247 22.4767
22.8723 56.2168 22.6031
22.8331 57.2821 22.4724
22.8627 57.2684 22.5988
22.5277 57.7289 22.4767
22.8691 58.2753 22.5764
22.8951 57.7552 22.7141
22.8427 58.8018 22.4386
22.8461 59.3098 22.4273
22.8759 59.2851 22.5537
22.5723 59.7314 22.5577
22.8794 59.7911 22.5423
22.8831 60.2978 22.5309
22.9089 59.7638 22.6687
22.8869 60.8052 22.5194
22.8869 60.8052 22.5194
22.3475 59.6357 22.9707
22.6294 61.2242 22.7943
22.66 61.1896 22.9208
22.9244 61.784 22.6227
22.9244 61.784 22.6227
22.9537 61.7462 22.749
22.9285 62.2909 22.611
22.9031 62.8423 22.473
23.2565 62.82 22.5655
23.2565 62.82 22.5655
23.5332 63.446 22.2673
23.8497 64.0251 22.2403
23.5332 63.446 22.2673
23.2565 62.82 22.5655
23.8497 64.0251 22.2403
24.157 64.1005 22.0801
23.8681 63.9865 22.2216
24.4744 64.7023 21.9081
24.4884 64.1385 21.9009
24.8056 64.2163 21.7405
24.8257 64.1639 21.8667
24.8257 64.1639 21.8667
25.146 64.2422 21.7062
25.1642 64.1896 21.8324
25.5041 64.2156 21.798
25.8307 64.2949 21.6374
25.8307 64.2949 21.6374
25.8594 64.1898 21.8897
26.1932 63.6898 21.867
26.5347 63.7159 21.8323
26.5519 64.1916 21.9466
27.2224 64.3514 21.6248
26.8834 64.8558 21.6478
27.2375 65.4188 21.601
27.2375 65.4188 21.601
27.5778 64.9139 21.578
26.9087 64.6908 22.0261
27.2419 64.1949 22.0032
26.9178 64.0663 22.2903
26.9259 64.0166 22.4165
26.9338 63.9674 22.5427
26.9417 63.9188 22.6689
26.6211 63.8444 22.8299
26.3162 63.7244 23.1172
26.6187 64.4006 22.6918
26.6211 63.8444 22.8299
26.312 64.273 22.979
26.312 64.273 22.979
26.015 63.6646 23.1324
26.2973 64.8093 22.9865
26.0003 64.1973 23.14
25.6853 64.6696 23.1626
26.0071 64.6964 23.128
25.692 65.1686 23.1506
25.692 65.1686 23.1506
25.3871 65.0876 23.3114
25.0864 65.0077 23.4722
25.3871 65.0876 23.3114
25.6774 65.2232 23.0243
25.6842 65.7256 23.0122
25.3585 66.766 22.8963
25.0462 66.171 23.0692
24.4481 65.9966 23.3905
24.4332 66.5532 23.252
24.4481 65.9966 23.3905
24.4481 65.9966 23.3905
24.4543 66.4918 23.3783
24.1553 65.9113 23.551
24.1553 65.9113 23.551
23.8428 65.8843 23.5852
23.8428 65.8843 23.5852
23.8428 65.8843 23.5852
23.8428 65.8843 23.5852
23.8188 65.9422 23.4589
23.5313 65.8578 23.6193
22.9683 65.6926 23.94
22.9401 65.7488 23.8136
22.6925 65.6118 24.1003
22.6925 65.6118 24.1003
22.4205 65.5321 24.2605
22.093 66.0412 24.1556
22.093 66.0412 24.1556
21.8544 65.4295 24.4543
21.7922 66.0162 24.1892
21.8258 65.9592 24.3157
22.0606 66.0989 24.0292
21.7922 66.0162 24.1892
21.5274 65.9346 24.3492
21.5274 65.9346 24.3492
21.4924 65.9915 24.2228
21.4924 65.9915 24.2228
21.2301 65.9103 24.3827
21.2301 65.9103 24.3827
20.9713 65.8303 24.5426
20.6773 65.8068 24.5759
20.4243 65.7282 24.7356
20.6676 66.3111 24.582
20.4243 65.7282 24.7356
19.8988 65.5948 24.9103
19.8565 65.6491 24.7838
19.8896 66.0926 24.9163
19.8896 66.0926 24.9163
19.8472 66.1494 24.7897
19.8079 66.6764 24.651
19.7646 66.7368 24.5245
19.4759 67.1848 24.5452
19.2733 66.5697 24.8434
19.0325 66.4878 25.0028
19.0295 66.025 25.015
18.9859 66.5467 24.8762
18.939 66.6061 24.7497
18.983 66.0816 24.8884
18.983 66.0816 24.8884
18.4605 65.9815 25.0804
18.9276 66.6402 24.7674
18.4605 65.9815 25.0804
18.414 66.5015 24.9416
18.3669 67.0275 24.8028
18.1293 66.4794 24.9742
17.674 65.3713 25.2991
17.6664 65.8628 25.3045
17.6664 65.8628 25.3045
17.4479 65.2989 25.4582
17.6685 66.3199 25.2923
17.3372 66.8159 25.1858
17.3352 66.3565 25.198
17.0573 66.7944 25.218
17.0573 66.7944 25.218
16.7852 66.2803 25.2451
16.9469 67.3798 24.9525
16.5014 67.2102 25.2701
16.4998 66.7522 25.2822
16.5577 66.6925 25.4089
16.5014 67.2102 25.2701
16.5014 67.2102 25.2701
16.2815 66.672 25.4409
16.2815 66.672 25.4409
16.2238 67.1889 25.302
15.7991 66.0867 25.6266
16.066 66.5928 25.5996
16.0075 67.1061 25.4607
16.0075 67.1061 25.4607
16.0075 67.1061 25.4607
16.066 66.5928 25.5996
16.0647 66.1412 25.6117
16.0647 66.1412 25.6117
16.1238 66.085 25.7385
15.9118 66.0104 25.8971
16.1238 66.085 25.7385
16.1238 66.085 25.7385
16.1238 66.085 25.7385
15.9181 65.529 25.8923
16.066 66.5928 25.5996
16.1238 66.085 25.7385
16.3951 65.655 25.7186
16.1824 66.0295 25.8652
16.1238 66.085 25.7385
16.1238 66.085 25.7385
16.1238 66.085 25.7385
16.1824 66.0295 25.8652
16.3965 66.1045 25.7065
16.1824 66.0295 25.8652
16.1824 66.0295 25.8652
16.2391 65.5299 26.0041
16.2404 65.9745 25.992
16.2456 65.0506 25.9993
16.4539 66.0489 25.8333
16.4539 66.0489 25.8333
16.67 66.1243 25.6746
16.5091 65.5486 25.9722
16.5091 65.5486 25.9722
16.5107 65.9938 25.9601
16.9992 66.0885 25.7692
16.733 65.586 25.7963
16.7817 66.0134 25.9281
16.7817 66.0134 25.9281
17.0499 65.141 25.9202
16.572 65.0188 26.0941
17.0517 65.5869 25.9081
17.2711 65.6595 25.7492
17.2711 65.6595 25.7492
17.0569 64.6606 25.9151
17.0517 65.5869 25.9081
17.1055 65.5343 26.0349
17.3242 65.6064 25.8759
17.2803 65.6253 25.7318
17.7723 66.2061 25.5457
17.7723 66.2061 25.5457
17.77 65.7534 25.5578
17.5954 65.1791 25.8557
17.8211 65.6996 25.6845
17.927 64.6684 25.9448
18.0973 65.72 25.6521
18.0998 66.1712 25.6399
17.9218 65.5934 25.938
18.1467 65.6666 25.7788
18.1467 65.6666 25.7788
18.6964 65.2584 25.7258
18.6524 65.7617 25.587
18.6524 65.7617 25.587
18.6964 65.2584 25.7258
18.6964 65.2584 25.7258
18.9738 65.279 25.6931
19.2026 66.2912 25.5271
18.9767 65.7293 25.6809
19.252 65.2998 25.6603
19.0188 65.228 25.8198
19.252 65.2998 25.6603
19.2957 65.2487 25.787
19.2927 64.8005 25.7991
19.2957 65.2487 25.787
19.5703 64.8209 25.7662
19.3842 63.7841 26.0589
19.336 64.7521 25.9258
19.6508 64.2804 26.0317
19.8896 64.793 25.8599
19.8557 65.7411 25.7089
19.893 65.2403 25.8477
19.93 64.7449 25.9866
20.1589 65.2944 25.8327
20.1281 64.8624 25.7002
20.1676 64.8138 25.8268
20.4466 64.8349 25.7937
20.4466 64.8349 25.7937
20.4844 64.7867 25.9203
20.6803 65.389 25.6398
20.4466 64.8349 25.7937
20.5219 64.7389 26.047
20.7264 64.8563 25.7604
20.7629 64.808 25.887
20.7629 64.808 25.887
20.7264 64.8563 25.7604
20.7629 64.808 25.887
20.7629 64.808 25.887
20.9755 65.379 25.5883
21.0423 64.8296 25.8537
21.2886 64.9 25.6937
21.0423 64.8296 25.8537
21.0423 64.8296 25.8537
21.0732 64.3366 25.9925
21.3184 64.4036 25.8324
21.2886 64.9 25.6937
21.3226 64.8515 25.8203
21.2886 64.9 25.6937
21.2886 64.9 25.6937
21.352 64.3577 25.9591
21.3184 64.4036 25.8324
21.5667 64.4716 25.6723
21.5994 64.4251 25.7989
21.8228 64.9939 25.5
21.5766 63.9889 25.666
21.5994 64.4251 25.7989
21.5667 64.4716 25.6723
21.8499 64.4934 25.6388
21.8182 64.5404 25.5122
21.8182 64.5404 25.5122
21.8454 64.0427 25.6509
22.3455 64.6652 25.3368
21.8454 64.0427 25.6509
22.1036 64.5627 25.4785
22.1036 64.5627 25.4785
21.8499 64.4934 25.6388
22.1036 64.5627 25.4785
22.0991 64.1091 25.4907
22.0991 64.1091 25.4907
22.0991 64.1091 25.4907
22.0685 64.1544 25.3641
22.1036 64.5627 25.4785
22.1036 64.5627 25.4785
22.073 64.6102 25.352
21.8499 64.4934 25.6388
21.8182 64.5404 25.5122
21.7908 65.0436 25.3735
22.0467 65.1169 25.2133
22.073 64.6102 25.352
22.0155 65.1677 25.0868
22.073 64.6102 25.352
22.073 64.6102 25.352
22.3013 64.7296 25.0652
22.0685 64.1544 25.3641
22.0421 64.6582 25.2254
22.3013 64.7296 25.0652
22.0991 64.1091 25.4907
22.3207 65.1724 25.1982
22.073 64.6102 25.352
22.3311 64.681 25.1917
22.3311 64.681 25.1917
22.3311 64.681 25.1917
22.3559 64.1764 25.3304
22.8466 65.3228 24.8777
22.5926 64.7527 25.0314
22.8576 64.8254 24.871
22.8799 64.3137 25.0097
22.8299 64.8752 24.7446
22.8576 64.8254 24.871
22.8799 64.3137 25.0097
22.8799 64.3137 25.0097
22.8299 64.8752 24.7446
23.0996 64.9495 24.5842
22.8576 64.8254 24.871
22.8525 64.3607 24.8832
22.5877 64.291 25.0435
22.8525 64.3607 24.8832
22.8799 64.3137 25.0097
22.5987 63.7968 25.0368
23.1209 64.4314 24.7228
23.1628 63.4125 24.9998
23.1307 64.4167 24.868
23.1158 63.9643 24.7348
23.1419 63.9191 24.8613
23.147 64.3838 24.8492
23.6683 64.5758 24.4018
23.4178 64.4549 24.6887
23.1209 64.4314 24.7228
23.3928 64.5031 24.5623
23.6921 64.527 24.5282
23.9701 64.6001 24.3676
23.9701 64.6001 24.3676
24.252 64.6742 24.207
23.9476 64.6495 24.2412
24.2462 64.197 24.2191
23.9868 64.0796 24.5061
24.5514 64.2213 24.1847
24.5377 64.7494 24.0463
24.525 65.2628 24.0534
24.8395 64.2938 24.024
24.8273 64.8257 23.8856
25.1076 65.423 23.732
24.8456 64.7749 24.0119
25.4116 65.996 23.5592
25.4252 65.4726 23.5518
25.1483 64.3188 23.9895
25.1379 64.8516 23.8511
25.1649 64.2709 24.1159
25.1546 64.8007 23.9774
25.1546 64.8007 23.9774
25.4495 64.8779 23.8166
25.4495 64.8779 23.8166
25.7418 64.4676 23.6677
25.7555 64.4185 23.794
26.0692 64.4446 23.7593
26.064 64.9833 23.6209
26.3699 65.0632 23.4599
26.6653 65.6727 23.3064
26.3591 65.1163 23.3336
26.3734 64.5205 23.5982
26.3839 64.4711 23.7245
26.9872 65.7016 23.2715
26.6982 65.0384 23.5512
27.3123 66.2892 23.0983
26.9947 64.6756 23.2759
26.6925 64.0102 23.7017
26.9944 64.5569 23.6744
27.0095 64.5747 23.5284
27.3314 65.1478 23.355
27.3314 65.1478 23.355
27.3256 65.2013 23.2288
27.0095 64.5747 23.5284
27.0165 63.9899 23.793
27.6345 65.7605 23.2015
27.6501 64.6302 23.4582
27.3292 64.6023 23.4933
27.3349 64.5525 23.6196
27.6423 64.1375 23.4703
27.6462 64.0902 23.5965
27.9699 64.7091 23.2968
27.9758 65.2598 23.1585
27.9722 64.6585 23.423
27.9722 64.6585 23.423
27.9722 64.6585 23.423
27.6501 64.0433 23.7227
27.9664 64.1175 23.5613
27.9745 64.6085 23.5492
27.6621 65.0712 23.5723
27.9804 65.1528 23.4108
27.666 65.0192 23.6985
27.9745 64.6085 23.5492
27.9767 64.5589 23.6754
27.979 64.5099 23.8016
28.2966 64.5873 23.64
27.9812 64.4615 23.9278
28.3051 65.0772 23.6279
28.2966 64.5873 23.64
27.9731 63.9781 23.94
28.2895 64.0054 23.9046
28.2895 64.0054 23.9046
28.2972 64.5382 23.7662
28.2972 64.5382 23.7662
28.608 64.0793 23.7429
28.608 64.0793 23.7429
28.3054 63.4911 23.8964
28.9398 64.645 23.5691
28.9398 64.645 23.5691
28.945 63.5891 23.6991
28.9283 64.1074 23.7074
29.2542 64.1828 23.5457
29.2542 64.1828 23.5457
28.945 63.5891 23.6991
29.2498 64.1358 23.6718
29.6001 64.8052 23.2455
29.9198 64.337 23.222
29.5785 64.2117 23.51
29.5847 64.2593 23.3838
29.5867 63.1978 23.5136
30.25 64.3669 23.1861
30.2695 64.9179 23.0479
30.25 64.3669 23.1861
29.9296 63.7631 23.3395
29.904 64.241 23.4742
30.25 64.3669 23.1861
30.2403 64.3185 23.3122
30.6029 64.9492 23.012
30.6147 65.0016 22.8859
30.2682 63.8378 23.1775
30.2583 63.7923 23.3036
30.6029 64.9492 23.012
30.6247 65.508 22.8737
30.2976 64.8887 23.0271
30.6129 65.4529 22.9998
30.6029 64.9492 23.012
30.593 64.4462 23.0241
30.5814 64.3971 23.1502
30.5699 64.3486 23.2763
30.6029 64.9492 23.012
29.9391 64.259 23.3274
30.5913 64.8974 23.1381
30.2403 64.3185 23.3122
30.2488 63.2963 23.3157
30.904 63.9273 23.1264
31.2785 64.5581 22.826
31.294 64.6086 22.7
31.3044 65.1188 22.6879
31.2631 64.5081 22.9521
30.5901 63.368 23.1537
30.9274 64.477 22.9882
31.2785 64.5581 22.826
30.96 63.9907 22.8533
31.2785 64.5581 22.826
30.941 64.5268 22.8621
30.2878 64.3859 23.0393
30.9511 65.0334 22.8499
30.9375 64.9809 22.976
30.9274 64.477 22.9882
30.941 64.5268 22.8621
31.2785 64.5581 22.826
31.6522 64.6916 22.5379
31.6346 64.6404 22.6639
31.2785 64.5581 22.826
31.6346 64.6404 22.6639
31.294 64.6086 22.7
31.2785 64.5581 22.826
31.2682 64.0514 22.8382
30.941 64.5268 22.8621
30.5814 64.3971 23.1502
30.9511 65.0334 22.8499
30.9511 65.0334 22.8499
30.9511 65.0334 22.8499
31.3201 65.1727 22.5618
31.2682 64.0514 22.8382
30.9274 64.477 22.9882
31.3044 65.1188 22.6879
31.6346 64.6404 22.6639
31.6629 65.2056 22.5257
31.3044 65.1188 22.6879
30.9274 64.477 22.9882
30.9274 64.477 22.9882
31.2785 64.5581 22.826
31.3044 65.1188 22.6879
30.9463 63.9439 22.9794
31.6522 64.6916 22.5379
31.2528 64.0042 22.9642
31.2427 63.5009 22.9763
30.9129 62.8976 23.1297
31.6346 64.6404 22.6639
32.0157 64.776 22.3757
32.0157 64.776 22.3757
31.2875 63.5147 22.8293
31.5964 63.5753 22.8141
31.6241 64.13 22.676
31.996 64.724 22.5017
31.996 64.724 22.5017
32.3301 64.2418 22.4775
32.3517 64.291 22.3515
32.3192 63.7275 22.4896
31.9559 63.0677 22.7689
32.3192 63.7275 22.4896
31.9559 63.0677 22.7689
32.2979 63.6816 22.6156
31.9852 64.2099 22.5138
31.9454 62.5608 22.781
31.5885 62.4931 22.9433
32.2979 63.6816 22.6156
32.3301 64.2418 22.4775
31.9559 63.0677 22.7689
32.3192 63.7275 22.4896
32.2872 63.1709 22.6277
31.8774 62.5141 23.0541
32.2979 63.6816 22.6156
32.3301 64.2418 22.4775
32.3088 64.193 22.6035
32.6652 63.7588 22.4533
32.6652 63.7588 22.4533
32.631 63.2012 22.5913
32.631 63.2012 22.5913
32.6861 63.2137 22.4441
33.0125 63.7905 22.4168
33.0494 64.3562 22.2788
32.6861 63.2137 22.4441
33.4164 63.9169 22.1284
33.3497 63.3063 22.3924
32.9973 62.689 22.5456
32.9973 62.689 22.5456
33.3886 63.8694 22.2543
33.3497 63.3063 22.3924
33.0125 63.7905 22.4168
32.9762 63.2318 22.5549
33.2846 62.7098 22.6564
32.9612 62.1402 22.6836
33.3713 62.7599 22.383
33.6995 63.3378 22.3558
33.6188 62.2301 22.6317
33.9962 62.2976 22.4691
33.6405 61.6892 22.6223
34.0611 62.3046 22.3216
34.4032 63.4019 22.2823
34.4366 63.4465 22.1564
34.3462 62.3278 22.4323
33.9656 62.2598 22.595
34.3019 61.7788 22.5702
34.3361 61.7477 22.5487
34.7448 62.9154 22.2575
35.1372 62.9894 22.0946
34.7206 61.8125 22.3858
34.6512 61.8084 22.5334
34.2582 61.2365 22.7082
34.2698 61.7441 22.6962
34.6171 61.7735 22.6593
34.6397 61.2338 22.6497
35.431 61.94 22.2075
35.3922 61.9041 22.3335
35.3798 61.3881 22.3454
35.0128 60.7827 22.4986
35.3414 61.3555 22.4713
35.7884 61.9709 22.1704
35.4158 61.3569 22.3237
35.3414 61.3555 22.4713
34.9172 59.7138 22.7744
35.682 60.8719 22.4462
36.0914 61.4482 22.2711
36.0787 60.9312 22.283
35.6659 60.3006 22.5622
36.0363 60.9011 22.409
35.5905 60.306 22.71
35.9819 60.3607 22.5468
36.392 60.9306 22.3717
36.0363 60.9011 22.409
36.0606 60.3557 22.399
36.4364 60.9608 22.2458
36.7824 60.4726 22.2203
36.4038 59.8702 22.3736
37.2051 61.0521 22.0451
37.1427 60.5021 22.1829
37.1683 59.9515 22.1727
37.9483 61.1769 21.8663
37.542 60.0376 22.0314
37.542 60.0376 22.0314
37.491 60.0125 22.1573
37.9071 60.067 21.9938
37.9747 60.6187 21.8561
37.9747 60.6187 21.8561
37.854 60.0417 22.1197
37.453 58.9239 22.2847
38.3295 60.1223 21.8303
38.8048 61.3054 21.5395
37.8804 59.4898 22.1093
39.2089 60.7711 21.4913
38.6998 60.1526 21.7926
39.1179 59.6779 21.6408
39.1179 59.6779 21.6408
39.3874 59.7171 21.751
39.4931 59.708 21.6029
40.0182 60.3258 21.3016
39.5719 60.2671 21.4653
39.855 59.2059 21.5768
39.9209 59.2265 21.451
39.8401 58.674 21.5885
39.775 58.6566 21.7143
39.855 59.2059 21.5768
40.3859 59.8173 21.2754
40.3014 59.2565 21.4129
40.218 58.7028 21.5505
39.696 58.1143 21.8519
39.7106 58.6394 21.8401
39.4154 59.1561 21.7405
39.7898 59.1855 21.7025
39.6324 58.1002 21.9777
40.0545 57.6166 21.8255
39.142 56.4687 22.2801
39.9094 57.0755 22.0888
40.0545 57.6166 21.8255
39.9888 57.6054 21.9513
39.9743 57.0837 21.963
40.3028 57.1444 21.9473
40.1841 56.0618 22.1998
39.3436 54.96 22.5286
40.1699 55.5471 22.2114
39.6772 55.5252 22.5013
39.7536 56.0356 22.3638
39.2703 54.4598 22.6661
39.5273 54.523 22.7762
39.4537 54.031 22.9137
39.5883 54.5172 22.6503
39.5883 54.5172 22.6503
39.9349 54.034 22.6236
39.514 54.0226 22.7877
39.1263 53.4777 22.941
39.1263 53.4777 22.941
39.5009 53.5228 22.7991
39.5285 52.9855 22.7883
39.5155 52.4864 22.7997
39.8453 53.0419 22.7724
39.4423 52.0075 22.937
39.4423 52.0075 22.937
39.3826 52.0267 23.063
39.9232 51.9849 22.6468
40.3213 52.5265 22.4936
40.2424 52.0412 22.6308
40.0876 51.088 22.9053
39.7595 50.5383 22.9326
39.7595 50.5383 22.9326
40.0876 51.088 22.9053
40.18 50.5249 22.7683
40.1672 50.0275 22.7795
40.5518 50.0523 22.6373
39.7347 49.5511 22.9549
40.4724 49.5854 22.7744
40.6192 50.0218 22.5113
40.6874 49.9909 22.3853
40.7004 50.4968 22.3742
40.0648 49.8906 22.3137
40.6745 49.4857 22.3964
40.3097 49.4735 22.4346
39.8985 48.4514 22.5989
40.813 49.4174 22.1445
40.5943 49.8511 21.9197
40.9548 49.3474 21.8925
40.5983 48.2605 21.9307
41.0867 48.7543 21.6516
41.0867 48.7543 21.6516
40.8236 48.6577 21.5419
41.2482 49.2027 21.3888
41.7888 49.1394 21.0989
41.0438 48.536 21.1641
41.2973 48.1051 21.2847
41.3867 48.5942 21.148
40.9131 48.0958 21.3228
40.7307 48.4844 21.0763
42.0673 49.0326 20.6173
41.7013 48.4262 20.6444
40.465 46.5098 21.4975
41.049 47.4738 21.0818
41.1246 47.4259 20.9559
40.9282 47.2698 20.7203
41.4495 47.7788 20.4415
41.4495 47.7788 20.4415
41.4685 46.6267 20.4413
42.0042 47.1336 20.1626
41.9203 47.1852 20.2885
41.9908 46.5766 20.1733
41.7132 46.461 20.0637
42.5748 46.4706 19.8837
41.6045 45.406 20.2109
41.9776 46.0204 20.184
42.6646 46.4134 19.7579
42.2488 46.4077 19.7958
41.6741 44.7857 20.0956
42.1351 45.3395 19.9429
42.1221 44.7781 19.9534
41.7447 44.1586 19.9803
42.1092 44.2176 19.9639
42.0235 44.2875 20.0898
42.3309 44.0162 19.6907
42.82 45.1482 19.5274
42.7012 44.0759 19.6743
42.7226 42.8807 19.6736
43.2015 43.4313 19.5209
44.2186 43.9167 19.2043
43.8237 43.2744 19.2313
43.3329 42.717 19.3839
43.6115 42.8582 19.4932
43.598 42.2861 19.5036
43.598 42.2861 19.5036
43.5008 42.3701 19.6294
44.0231 42.2838 19.4655
44.1244 42.1985 19.3397
44.5035 42.2583 19.3231
44.5035 42.2583 19.3231
43.8961 41.2309 19.6119
44.5403 41.6189 19.3118
43.8961 41.2309 19.6119
44.6458 41.5285 19.186
44.6458 41.5285 19.186
44.3061 40.6583 19.584
44.9437 40.461 19.2941
44.0323 40.505 19.4748
45.0804 41.5249 19.1478
45.0804 41.5249 19.1478
44.3427 40.0268 19.5726
45.2529 39.9788 19.3917
45.3626 39.8781 19.2659
45.3626 39.8781 19.2659
45.239 39.4059 19.4019
45.239 39.4059 19.4019
45.1171 38.9403 19.5379
45.1171 38.9403 19.5379
45.5453 38.9321 19.4995
45.6565 38.8252 19.3736
45.7831 39.2939 19.2377
45.5453 38.9321 19.4995
45.6565 38.8252 19.3736
46.2052 38.7082 19.2093
46.0755 38.2431 19.3452
46.4711 38.8745 19.3183
46.2196 39.2864 19.1992
46.2196 39.2864 19.1992
46.0896 38.8168 19.3351
46.0896 38.8168 19.3351
45.4736 38.4069 19.6136
45.5836 38.2973 19.4878
45.9756 38.9241 19.4609
45.4736 38.4069 19.6136
44.7581 37.5635 20.0282
45.849 38.4633 19.5969
46.3935 38.3449 19.4325
45.3514 37.9532 19.7496
45.9157 38.9657 19.5648
46.4224 39.4885 19.4122
46.4224 39.4885 19.4122
46.8421 38.9087 19.3836
46.8421 38.9087 19.3836
46.7237 39.0153 19.5094
46.7237 39.0153 19.5094
46.7237 39.0153 19.5094
46.6067 39.1205 19.6352
47.0223 38.5471 19.6066
46.904 38.6548 19.7324
47.157 39.0083 19.4706
46.5303 38.5987 19.7491
47.0521 39.6813 19.5862
47.6079 39.5737 19.4215
47.7481 40.0467 19.2856
47.1874 40.1511 19.4502
47.7481 40.0467 19.2856
47.8903 40.5264 19.1496
47.1874 40.1511 19.4502
47.1874 40.1511 19.4502
47.2028 40.7238 19.4399
47.1874 40.1511 19.4502
47.3245 40.6276 19.3142
47.0673 40.2496 19.5759
47.0673 40.2496 19.5759
46.9487 40.3469 19.7017
47.0673 40.2496 19.5759
47.0673 40.2496 19.5759
46.9487 40.3469 19.7017
47.0673 40.2496 19.5759
46.9336 39.7821 19.712
46.8316 40.4429 19.8275
46.8166 39.8816 19.8378
47.5004 40.2456 19.537
46.9734 39.1554 19.7
47.6234 40.1468 19.4113
47.5004 40.2456 19.537
47.6234 40.1468 19.4113
47.4849 39.6761 19.5473
47.8633 39.7338 19.5305
47.4696 39.1074 19.5575
46.8266 38.1384 19.8462
47.6019 39.372 19.7923
46.1773 38.3626 20.1368
47.2136 38.7542 19.8193
46.6966 37.6918 19.9822
47.3333 38.6475 19.6935
47.3333 38.6475 19.6935
46.6575 38.3105 19.9942
46.2747 37.7007 20.0211
47.6941 38.1401 19.6868
46.1495 37.2609 20.1571
47.1843 37.6346 19.8395
47.3038 37.521 19.7137
47.2893 36.9589 19.7238
47.8435 36.8293 19.559
47.4102 36.8404 19.598
47.4248 37.406 19.5879
47.5474 37.2894 19.4621
46.8866 35.7826 19.7607
47.275 36.3975 19.7338
47.4364 35.6435 19.5959
47.9542 36.1394 19.4432
47.9542 36.1394 19.4432
47.301 35.2089 19.7317
47.3816 35.7115 19.6179
47.7999 35.1336 19.5889
47.2459 35.4009 19.3832
48.3401 35.7578 19.0659
48.0388 36.2245 18.969
48.024 35.6417 18.979
48.3105 34.5995 19.0857
48.1659 34.1613 19.2213
47.8661 34.616 19.1245
48.3105 34.5995 19.0857
47.2041 33.6935 19.4128
48.2959 34.0215 19.0955
47.7249 34.1785 19.2602
47.8518 34.0393 19.1344
47.8518 34.0393 19.1344
47.8518 34.0393 19.1344
48.1252 34.3393 18.8729
48.1108 33.7552 18.8827
48.5466 33.1519 18.8537
48.6818 33.0028 18.7279
48.3767 33.4636 18.6312
48.9725 33.2945 18.4667
49.1285 33.7439 18.3312
48.3767 33.4636 18.6312
48.6498 33.1641 18.3797
49.0984 32.5432 18.3506
49.2411 32.3858 18.2249
49.0836 31.9441 18.3603
49.4892 31.9996 18.3432
49.0691 31.3459 18.37
48.6208 31.9677 18.3991
49.0691 31.3459 18.37
48.7456 31.2062 18.2829
48.8866 31.0392 18.1572
49.2039 31.9252 17.8865
49.1891 31.3114 17.8961
49.1891 31.3114 17.8961
49.3362 31.1415 17.7704
50.3932 30.9986 17.5889
49.9542 30.319 17.6156
49.16 30.0863 17.9152
49.6215 29.4447 17.8861
49.2925 29.2927 17.799
49.9097 28.456 17.6441
49.7573 28.6458 17.7698
49.1178 28.255 17.9436
49.1178 28.255 17.9436
49.1317 28.8646 17.9342
49.1042 27.6463 17.9529
49.2507 27.4517 17.8272
49.0907 27.0383 17.9623
49.8671 26.6007 17.6721
49.3855 26.6382 17.7107
49.2371 26.8397 17.8365
49.9608 26.4871 17.5676
49.3721 26.0228 17.72
49.2106 25.6181 17.855
49.1976 25.0086 17.8641
49.084 23.9183 17.9871
49.1849 24.3998 17.8733
49.8263 24.753 17.6998
49.1849 24.3998 17.8733
49.8131 24.1388 17.7089
50.2355 24.1898 17.6914
49.8001 23.5253 17.718
49.1723 23.7919 17.8824
49.8001 23.5253 17.718
49.9538 23.2992 17.5922
49.3078 22.9586 17.7656
49.1477 22.5785 17.9004
49.1239 21.3682 17.9183
49.2835 21.7386 17.7835
49.7163 22.3976 17.757
49.1239 21.3682 17.9183
49.1239 21.3682 17.9183
48.9555 20.4042 18.0619
48.9444 19.8058 18.0707
49.7146 19.254 17.7804
48.9444 19.8058 18.0707
48.9334 19.2082 18.0795
48.7794 18.8628 18.2141
48.9227 18.6113 18.0882
49.3815 17.959 18.0584
49.4848 18.4018 17.9444
48.9121 18.0151 18.0969
49.6461 18.7486 17.8098
49.0572 17.7561 17.9709
49.2044 17.4934 17.845
50.4278 17.556 17.5282
49.1939 16.89 17.8536
49.1939 16.89 17.8536
49.6137 16.9346 17.8357
48.8717 15.6378 18.1311
48.569 15.0074 18.4
48.421 14.699 18.5344
49.3202 14.3895 18.1095
49.3202 14.3895 18.1095
48.7099 14.7323 18.274
49.0111 13.7769 18.3783
48.8434 13.8625 18.1563
49.8764 13.5507 17.9737
49.1371 12.3196 18.2688
48.9844 12.0291 18.403
48.9759 11.4478 18.4112
48.6775 10.8881 18.6797
47.9502 10.9767 18.9785
47.9849 9.74471 18.9745
48.9231 10.0835 18.8035
