-0.654581 -38.4204 17.6815
-0.979278 -38.2931 17.8901
-0.433515 -38.2883 17.898
-0.654581 -38.4204 17.6815
-0.654581 -38.4204 17.6815
-0.979278 -38.2931 17.8901
-0.979278 -38.2931 17.8901
-1.09739 -38.8987 17.7713
-1.08213 -39.0909 18.2942
-1.42491 -39.8349 17.9587
-1.74003 -41.7381 17.7695
-1.50678 -41.5667 17.986
-1.62721 -42.1899 17.8672
-1.93678 -42.0207 18.0754
-1.70799 -43.9259 17.8942
-1.70799 -43.9259 17.8942
-1.71589 -45.0029 17.8731
-1.91051 -45.2281 18.1789
-2.14679 -45.4418 17.9624
-2.44841 -45.2365 18.1704
-2.27851 -47.1716 17.8225
-2.16631 -48.7368 17.5437
-2.73136 -49.8493 17.5141
-2.86227 -50.5435 17.3954
-2.7382 -50.9534 17.493
-2.86911 -51.6555 17.3743
-3.43957 -52.7821 17.3445
-3.43957 -52.7821 17.3445
-3.70745 -53.1011 17.1283
-3.92332 -55.6315 17.0361
-3.78945 -56.0198 17.1335
-3.65675 -56.4034 17.231
-4.51216 -57.9274 16.9849
-4.6585 -58.6974 16.8664
-4.23132 -57.5452 17.201
-4.80724 -58.6904 17.1708
-4.95375 -59.457 17.0522
-4.95046 -58.6834 17.4752
-5.08302 -57.5865 17.8008
-5.37078 -59.0604 17.5634
-5.09517 -59.4364 17.3566
-5.09517 -59.4364 17.3566
-5.51747 -59.812 17.4447
-5.6661 -60.5736 17.3261
-5.51747 -59.812 17.4447
-5.52289 -60.9257 17.4236
-5.30988 -61.9618 17.2635
-5.60384 -62.3985 17.0475
-5.60904 -63.5405 17.0264
-5.65053 -60.8798 17.7278
-5.73279 -62.3262 17.3515
-5.88338 -63.1086 17.2329
-5.85698 -62.2562 17.6556
-5.85698 -62.2562 17.6556
-5.85698 -62.2562 17.6556
-6.0056 -63.0245 17.5369
-6.56501 -63.0443 17.5271
-6.41255 -62.2755 17.6458
-6.56501 -63.0443 17.5271
-6.56501 -63.0443 17.5271
-7.12463 -63.0645 17.5171
-7.02859 -64.2799 17.1924
-7.283 -63.8441 17.3985
-7.43655 -63.5088 17.301
-7.37322 -62.6508 17.7233
-8.00331 -63.5299 17.2908
-7.68445 -63.085 17.507
-7.43655 -63.5088 17.301
-7.43655 -63.5088 17.301
-8.00331 -63.5299 17.2908
-7.68445 -63.085 17.507
-7.43655 -63.5088 17.301
-7.94867 -62.8989 17.2449
-7.75623 -63.9643 17.0849
-8.00331 -63.5299 17.2908
-7.84673 -63.8652 17.3884
-7.84673 -63.8652 17.3884
-7.84673 -63.8652 17.3884
-8.35759 -63.2596 17.3323
-8.4107 -63.8868 17.3781
-8.4107 -63.8868 17.3781
-8.4107 -63.8868 17.3781
-8.4107 -63.8868 17.3781
-8.08846 -63.4396 17.5943
-8.4107 -63.8868 17.3781
-8.4107 -63.8868 17.3781
-8.1699 -64.3229 17.1722
-8.4107 -63.8868 17.3781
-8.4107 -63.8868 17.3781
-8.4107 -63.8868 17.3781
-8.4107 -63.8868 17.3781
-8.1699 -64.3229 17.1722
-8.35759 -63.2596 17.3323
-8.1699 -64.3229 17.1722
-8.50115 -64.7922 16.9562
-8.50115 -64.7922 16.9562
-8.92343 -63.2809 17.3219
-8.74091 -64.3451 17.1619
-8.1699 -64.3229 17.1722
-8.68803 -63.7112 17.1161
-8.92343 -63.2809 17.3219
-8.59406 -62.8398 17.5382
-8.64578 -63.461 17.5838
-8.25254 -64.2182 17.4756
-8.25254 -64.2182 17.4756
-8.74091 -64.3451 17.1619
-8.74091 -64.3451 17.1619
-8.4107 -63.8868 17.3781
-8.74091 -64.3451 17.1619
-9.15322 -62.8609 17.5277
-9.31219 -64.3676 17.1514
-9.31219 -64.3676 17.1514
-9.31219 -64.3676 17.1514
-8.97491 -63.9087 17.3676
-9.15322 -62.8609 17.5277
-9.31219 -64.3676 17.1514
-9.31219 -64.3676 17.1514
-9.07939 -64.8149 16.9458
-9.42645 -65.2967 16.7298
-9.42645 -65.2967 16.7298
-9.07939 -64.8149 16.9458
-8.8408 -65.2733 16.7402
-9.18916 -65.767 16.5243
-9.73043 -65.136 16.4681
-9.37413 -64.6489 16.6841
-9.07939 -64.8149 16.9458
-9.07939 -64.8149 16.9458
-9.07939 -64.8149 16.9458
-9.26097 -63.7331 17.1058
-9.18916 -65.767 16.5243
-9.37413 -64.6489 16.6841
-9.607 -64.1966 16.8897
-9.07939 -64.8149 16.9458
-9.25695 -65.6328 16.8273
-9.18916 -65.767 16.5243
-8.8408 -65.2733 16.7402
-9.02678 -64.1741 16.9001
-9.607 -64.1966 16.8897
-8.8408 -65.2733 16.7402
-9.02678 -64.1741 16.9001
-9.02678 -64.1741 16.9001
-9.02678 -64.1741 16.9001
-8.78672 -64.6262 16.6943
-8.78672 -64.6262 16.6943
-8.44682 -64.152 16.9102
-8.78672 -64.6262 16.6943
-8.78672 -64.6262 16.6943
-8.59618 -65.7433 16.5344
-8.54059 -65.0898 16.4884
-8.89049 -65.5883 16.2726
-8.3643 -64.259 16.6068
-8.3643 -64.259 16.6068
-8.3643 -64.259 16.6068
-8.27567 -63.3482 17.0288
-8.43748 -63.0025 16.9313
-8.77656 -63.4613 16.7152
-8.42743 -61.855 16.9523
-8.76567 -62.2985 16.7362
-8.76567 -62.2985 16.7362
-9.11824 -60.8658 16.7985
-8.68699 -62.3714 16.4328
-8.69957 -60.4802 16.711
-8.67474 -61.1888 16.4538
-8.44028 -59.7158 16.526
-8.95662 -59.7605 16.2125
-8.77316 -58.9525 16.3309
-8.69067 -58.9628 16.0274
-8.24825 -58.5473 15.9396
-9.03487 -58.1647 15.8324
-8.58868 -57.739 15.7447
-7.9525 -56.4894 15.7751
-8.12074 -56.07 15.6776
-8.01969 -56.0225 15.374
-7.36787 -54.745 15.4041
-8.00171 -54.7616 15.3947
-7.3503 -53.4873 15.4248
-7.10303 -51.9506 15.4959
-7.26722 -51.4933 15.3985
-6.7959 -51.0159 15.3101
-6.43869 -49.4445 15.5465
-6.31594 -46.9282 15.9425
-6.40319 -45.7144 15.7973
-6.55833 -45.2257 15.6998
-6.21221 -43.7759 15.9364
-5.80887 -41.6334 16.1253
-5.34874 -41.1215 16.0364
-5.54406 -38.7345 16.6401
-5.23511 -37.7098 16.4534
-5.37514 -37.191 16.3557
-5.05776 -35.9089 16.5926
-4.60538 -35.3791 16.5035
-4.51507 -33.4773 16.4758
-3.77608 -32.8592 16.6027
-3.90507 -32.315 16.5049
-3.72107 -31.8188 16.1991
-3.5296 -31.3033 15.8933
-3.19831 -31.3538 15.6852
-3.09718 -29.3429 15.6567
-2.68552 -29.542 15.616
-2.64979 -27.5172 16.0118
-2.23048 -27.5179 15.3789
-2.5099 -27.5182 15.1631
-1.72229 -26.8945 15.2886
-2.19334 -26.8586 14.4331
-1.41102 -26.8395 14.0163
-1.41102 -26.8395 14.0163
-0.711775 -26.1081 13.5019
-0.869618 -26.039 12.8634
-1.00987 -25.2807 12.7661
-1.00987 -25.2807 12.7661
-0.732882 -23.5701 12.8334
-1.14759 -22.1772 13.0622
-0.818198 -20.8345 13.2977
-0.982398 -19.3405 13.5737
-1.11405 -18.572 13.4763
-1.11084 -16.5404 13.8702
-1.08073 -15.1782 13.8906
-1.62902 -14.0538 14.3759
-1.70384 -13.1646 14.821
-1.95704 -11.2194 15
-2.44507 -10.7043 15.1112
-2.71575 -10.0556 15.2698
-2.82555 -8.94044 15.5468
-3.28976 -8.45913 15.6579
-3.95587 -6.83747 15.5023
-4.65413 -5.7842 15.7718
-4.16938 -5.046 15.6812
-4.87792 -4.59932 15.5051
-5.1864 -4.27534 15.2888
-5.56351 -2.92112 15.3492
-5.93712 -1.57708 15.4096
-6.26158 -1.20798 15.1932
-6.97241 -1.43911 15.4421
-7.36431 -0.30995 14.8008
-7.36431 -0.30995 14.8008
-7.74265 1.07386 14.8609
-8.32246 2.03655 14.8027
-8.53076 1.61966 14.6846
-8.81026 2.15252 15.1694
-9.54382 2.71823 14.6662
-9.74571 3.24602 14.8241
-10.8106 3.38107 14.8561
-11.0377 2.9771 14.738
-11.4524 3.09831 14.7776
-11.6895 2.67266 14.9861
-12.7376 2.80916 15.0177
-12.9015 3.32444 15.1755
-12.9015 3.32444 15.1755
-13.269 3.40913 15.5417
-13.8421 4.34066 15.4829
-13.8421 4.34066 15.4829
-14.0828 3.96145 15.3646
-14.2293 4.45394 15.5224
-14.2293 4.45394 15.5224
-14.5617 5.75698 15.5818
-14.1349 5.3008 15.7985
-14.7014 6.22496 15.7395
-14.7014 6.22496 15.7395
-14.1842 6.5688 16.2325
-14.6 7.03018 16.0156
-15.16 7.9487 15.9565
-15.4227 8.91943 15.5311
-14.9833 8.41822 15.7479
-14.877 9.18584 16.0239
-14.6971 9.67009 15.8151
-15.3795 9.85457 15.4801
-15.5116 10.2853 15.6375
-15.9612 10.8162 15.4208
-15.2642 10.6107 15.7559
-15.2642 10.6107 15.7559
-15.2642 10.6107 15.7559
-15.2209 11.5388 15.7045
-15.6645 12.0851 15.4878
-15.5862 11.8734 15.8149
-15.5441 12.8024 15.7635
-15.166 12.7108 15.7245
-15.7135 12.2753 15.9724
-15.5441 12.8024 15.7635
-15.8383 12.6695 16.1299
-15.5959 12.9678 16.2484
-15.7198 13.3487 16.4059
-16.4236 13.7428 16.5552
-16.515 13.9832 16.2278
-16.515 13.9832 16.2278
-16.6301 14.3553 16.3852
-16.8898 14.1935 16.7516
-16.9979 14.5522 16.9091
-16.9979 14.5522 16.9091
-17.6693 14.925 17.0582
-17.9144 14.6553 16.9395
-18.2587 14.7378 16.9783
-18.7975 15.6344 16.9182
-19.7092 15.7371 16.9483
-20.2534 16.6394 16.8882
-20.4283 16.4355 17.2542
-20.5012 16.7646 17.4114
-20.3015 15.9668 17.5103
-21.6479 16.6148 17.3222
-21.7896 16.417 17.6881
-21.77 17.2621 17.6366
-22.4256 17.91 17.9418
-22.8984 18.4682 17.7239
-23.7596 18.5655 17.7529
-24.1639 18.4065 18.1567
-24.6849 19.2603 18.0957
-24.6849 19.2603 18.0957
-24.5505 18.2549 18.5604
-25.8821 19.1851 18.5274
-26.1795 19.2555 18.5653
-26.4755 19.326 18.6032
-26.243 19.3022 19.0876
-26.5145 19.0914 18.9685
-27.0322 20.1862 19.0639
-27.3315 19.7384 19.31
-27.8375 20.0332 19.4566
-27.3623 19.7713 19.8322
-28.3353 21.0973 19.5515
-28.6109 20.6503 19.7974
-27.8648 20.571 20.2924
-28.1324 20.6347 20.3299
-28.3448 21.3361 20.7524
-29.5572 22.4504 20.3515
-29.3361 21.243 20.6594
-29.3361 21.243 20.6594
-29.3277 20.7567 20.8677
-29.7847 21.748 20.962
-29.3298 21.4844 20.8162
-30.0518 21.5717 20.8425
-30.7716 21.6595 20.8685
-29.8316 21.1226 21.099
-29.8316 21.1226 21.099
-30.5432 21.2101 21.125
-30.8122 21.0327 21.0055
-30.5635 21.6949 20.9169
-30.8122 21.0327 21.0055
-31.28 21.7828 20.9428
-31.2593 22.0175 21.0994
-30.7951 21.272 21.1622
-30.7951 21.272 21.1622
-31.5029 21.3601 21.1879
-31.0461 21.334 21.1993
-31.0213 20.8593 21.4074
-31.5029 21.3601 21.1879
-31.0213 20.8593 21.4074
-30.5492 20.3685 21.6268
-31.5029 21.3601 21.1879
-31.7764 21.1844 21.0684
-31.3379 20.9169 20.9232
-31.31 20.4403 21.1312
-31.31 20.4403 21.1312
-31.0399 20.6197 21.2507
-31.065 21.0954 21.0427
-31.0588 20.3766 21.094
-30.8693 20.1687 20.9858
-30.4221 19.8938 20.8403
-31.1038 20.6076 20.7294
-30.6695 20.0791 20.4272
-30.6695 20.0791 20.4272
-30.914 21.2812 20.1195
-30.933 21.0293 19.963
-29.9598 20.2202 20.0361
-30.5004 21.0007 19.4525
-29.9119 20.8721 19.8991
-29.6666 21.8411 19.4453
-29.1676 21.035 19.5074
-29.1785 20.5081 19.194
-29.1916 20.7659 18.8292
-28.6795 20.4667 18.6827
-28.913 20.9647 18.4268
-28.6184 21.1693 18.5458
-28.6194 20.8956 18.3891
-27.798 20.8003 18.3614
-27.792 20.5209 18.2047
-27.7775 20.7938 17.8397
-27.7775 20.7938 17.8397
-26.9151 20.408 17.6549
-26.587 20.0411 17.4602
-26.5639 20.6151 17.2519
-26.5462 20.3161 17.0952
-25.958 19.9855 16.9478
-25.0607 19.8851 16.9189
-25.5959 20.5022 16.7014
-25.2638 20.4278 16.6633
-24.6483 20.0908 16.5156
-23.7842 19.3964 16.6947
-23.7245 19.9898 16.4862
-23.6787 19.6714 16.3294
-23.5843 19.0162 16.0159
-22.6291 18.9115 15.9861
-22.6291 18.9115 15.9861
-23.1632 19.5504 15.7691
-22.2745 18.8319 15.9477
-22.1286 19.1073 15.5824
-22.3687 18.493 15.3073
-21.4386 18.737 15.4339
-21.3661 18.3845 15.2771
-21.2674 19.0196 15.0685
-21.1913 18.6613 14.9118
-21.1913 18.6613 14.9118
-20.8073 18.5765 14.8732
-19.8625 18.8286 14.9993
-19.7713 18.4671 14.8425
-19.8923 17.8299 15.0511
-19.6781 18.0979 14.6857
-19.055 17.0571 14.7453
-19.4856 17.3357 14.3721
-18.7982 16.3466 14.9151
-18.6606 16.9685 14.7066
-18.4075 16.2577 14.8763
-17.544 15.3066 14.9826
-17.9083 15.6298 15.0929
-18.0784 14.9312 14.8176
-17.9667 14.5248 14.6606
-17.0312 14.8158 14.7866
-17.6831 14.8384 14.7787
-17.8527 14.1097 14.5035
-17.0709 13.8185 14.838
-17.0645 13.663 14.3543
-17.2282 13.0739 14.5628
-17.3485 13.498 14.7199
-17.2282 13.0739 14.5628
-17.2282 13.0739 14.5628
-16.8449 12.7193 14.4526
-17.2282 13.0739 14.5628
-17.2282 13.0739 14.5628
-17.0106 12.1474 14.6611
-17.5122 12.7412 14.4447
-16.8861 11.7071 14.5039
-17.1684 11.362 14.3858
-17.6823 11.955 14.1696
-17.1684 11.362 14.3858
-17.1684 11.362 14.3858
-17.2908 11.8097 14.543
-17.5756 11.4666 14.4249
-17.2908 11.8097 14.543
-17.4492 11.2545 14.7513
-17.6142 10.4573 14.4761
-17.3302 10.8073 14.5941
-17.2323 10.3522 14.8496
-17.2323 10.3522 14.8496
-17.7685 9.91916 14.6843
-17.8822 10.3729 14.8415
-17.8822 10.3729 14.8415
-18.1374 10.2925 15.207
-18.1374 10.2925 15.207
-17.6517 9.76163 15.4236
-18.3098 9.50256 14.9315
-17.9576 8.47917 15.3562
-18.3368 8.58499 15.3953
-18.3368 8.58499 15.3953
-18.6867 8.9478 15.505
-19.0604 9.05162 15.544
-19.0604 9.05162 15.544
-18.7461 7.757 15.4851
-18.8442 8.20911 15.6425
-19.3397 8.71087 15.4257
-19.4616 8.22911 15.6337
-19.5517 8.67237 15.7911
-19.5517 8.67237 15.7911
-19.9437 7.86523 15.8807
-19.9437 7.86523 15.8807
-20.2233 7.52341 15.7623
-19.4541 7.38861 16.0976
-20.4108 7.51295 16.1276
-20.489 7.94975 16.285
-20.8637 7.17173 16.3744
-20.9364 7.6053 16.5318
-20.9364 7.6053 16.5318
-20.352 7.58572 16.541
-20.9364 7.6053 16.5318
-21.3706 7.27143 16.7785
-21.7803 8.17516 16.3535
-21.9271 8.15134 16.7187
-21.9271 8.15134 16.7187
-21.9271 8.15134 16.7187
-22.0676 8.1285 17.0839
-22.8953 8.68649 16.9052
-22.6743 7.91399 17.004
-22.3235 8.66599 16.9148
-22.8953 8.68649 16.9052
-23.2915 8.34571 17.1517
-23.2276 8.78514 16.944
-23.8418 9.21113 17.0915
-23.3388 8.74976 17.309
-24.074 9.35549 16.7652
-24.1683 9.30804 17.1301
-24.1683 9.30804 17.1301
-24.7675 9.72562 17.2774
-24.2587 9.26254 17.4951
-24.5178 10.4048 17.5535
-25.639 10.6841 17.2555
-25.639 10.6841 17.2555
-25.639 10.6841 17.2555
-25.639 10.6841 17.2555
-25.119 10.2085 17.4732
-26.1932 11.5536 17.195
-26.1932 11.5536 17.195
-27.0567 12.1466 17.0158
-26.5358 11.1802 17.4409
-26.751 12.4295 17.1345
-27.0059 13.5859 17.1925
-27.0194 13.943 17.3495
-26.7825 13.1602 17.4485
-26.7825 13.1602 17.4485
-27.3339 14.0296 17.3877
-27.3339 14.0296 17.3877
-26.4803 14.2698 17.5165
-27.0284 15.1399 17.4556
-27.8888 14.9053 17.3269
-27.591 15.5027 17.6025
-27.0415 15.4781 17.6125
-27.5883 16.3481 17.5516
-28.1353 16.8991 17.3338
-27.8337 17.4656 17.6093
-27.2846 17.4402 17.6192
-28.3802 18.5794 17.1836
-27.8317 18.3171 17.5581
-28.3798 19.4558 17.1324
-27.5065 19.6606 17.2607
-28.0655 20.5638 17.1996
-28.0655 20.5638 17.1996
-28.0655 20.5638 17.1996
-27.7624 21.078 17.4749
-28.3134 21.6912 17.2571
-28.3128 22.5746 17.2053
-28.0058 23.0575 17.4805
-27.9999 23.6677 17.2721
-27.4533 23.0304 17.4899
-28.0102 23.3265 17.637
-28.0102 23.3265 17.637
-28.0044 23.9346 17.4285
-27.1644 23.4985 17.7652
-27.7059 24.3906 17.7037
-27.9473 25.475 17.761
-27.9407 26.1049 17.5523
-27.9407 26.1049 17.5523
-27.9457 26.3464 17.7086
-28.183 27.1935 17.6094
-28.182 28.0783 17.5569
-27.6426 27.3967 17.7749
-27.6426 27.3967 17.7749
-28.182 28.0783 17.5569
-28.7325 28.998 17.4952
-28.423 29.1609 17.614
-27.8754 29.132 17.6229
-28.1175 29.3217 17.7328
-28.1163 30.2076 17.68
-28.9737 30.9792 17.4993
-28.1117 30.8984 17.4708
-28.1152 31.0994 17.6269
-28.1185 31.297 17.7831
-28.6615 32.2173 17.7211
-28.3544 33.0676 17.6306
-27.8098 32.1397 17.6925
-28.3561 32.3569 17.8399
-27.8295 31.8221 18.2142
-28.3586 32.7229 18.1521
-28.357 33.426 17.9426
-28.357 33.426 17.9426
-28.899 34.1757 17.7245
-28.5912 34.4705 17.9993
-28.0559 34.4409 18.0079
-28.2884 35.32 17.9086
-28.8237 35.5089 18.0559
-28.0597 34.6064 18.1638
-27.7655 34.727 18.2828
-28.8275 36.2489 17.8463
-28.8284 37.1537 17.7925
-28.8284 37.1537 17.7925
-27.9897 37.3731 18.0755
-29.069 38.9778 17.6392
-29.0575 38.3316 18.0047
-27.7012 37.6151 18.3503
-28.7569 39.2019 17.9137
-28.7577 40.1141 17.8594
-28.2163 39.9625 17.7118
-28.4535 40.2011 17.9783
-28.4539 40.3184 18.134
-28.4539 40.3184 18.134
-28.4535 40.2011 17.9783
-28.1563 40.4027 18.2529
-28.163 39.7484 18.6189
-27.6366 40.4868 18.4167
-27.6366 40.4868 18.4167
-28.1552 41.3026 18.1983
-27.853 42.1809 18.1069
-26.8296 40.5399 18.5436
-27.8658 41.4856 18.473
-27.5772 41.561 18.592
-27.3452 41.4562 18.4809
-27.0599 41.5317 18.5999
-27.5772 41.561 18.592
-27.5848 41.6632 18.7477
-26.7783 41.6063 18.7189
-27.2885 42.518 18.6562
-27.302 41.7362 18.8668
-27.0434 42.3227 18.3892
-27.0434 42.3227 18.3892
-27.5638 43.2531 18.3264
-27.2605 44.1366 18.2346
-26.7386 43.1986 18.2974
-27.2605 44.1366 18.2346
-27.2605 44.1366 18.2346
-27.5303 45.7821 17.694
-27.2159 46.712 17.6018
-27.2311 45.833 17.8128
-27.7533 47.6429 17.3838
-27.2004 47.6127 17.3908
-27.2004 47.6127 17.3908
-27.2004 47.6127 17.3908
-27.1844 48.5359 17.1796
-27.168 49.4823 16.9684
-26.6247 48.5064 17.1863
-27.4309 49.5818 17.2357
-27.4309 49.5818 17.2357
-27.4177 50.5381 17.0244
-26.5707 49.579 17.3611
-27.1243 49.6087 17.3544
-27.1243 49.6087 17.3544
-26.6106 48.6995 17.7278
-26.0761 47.7184 17.7905
-26.8511 49.7132 17.7838
-26.8511 49.7132 17.7838
-26.3366 48.7773 18.002
-26.3366 48.7773 18.002
-26.8654 49.7512 17.9391
-26.5743 49.7756 18.058
-26.0913 48.8964 18.4317
-26.8794 49.7886 18.0943
-27.704 50.744 17.9124
-27.7015 51.7008 17.856
-26.3668 49.7971 18.2563
-26.8882 50.7618 18.1932
-27.7083 51.7224 18.0111
-27.7151 51.7437 18.1662
-28.006 52.6733 17.8356
-28.0159 51.7542 18.2023
-28.0159 51.7542 18.2023
-28.0102 52.6871 17.9906
-28.0144 52.7007 18.1455
-28.8436 52.7389 18.175
-29.1494 53.6926 17.9992
-28.6138 51.7762 18.2744
-29.4581 53.6949 17.8803
-29.4499 53.7008 18.0351
-29.2087 52.7397 18.2894
-29.7346 52.7686 18.2828
-30.5781 53.7479 18.1002
-30.3595 53.7213 17.9879
-30.3816 54.6891 17.7761
-31.2895 56.7304 17.3818
-31.8134 56.7418 17.5299
-31.2083 55.696 17.9026
-30.6458 54.6936 18.121
-32.0845 56.7275 17.72
-31.7637 54.7399 18.1857
-32.0536 56.7091 17.8744
-31.4802 55.6929 18.0927
-32.3169 56.6965 18.0642
-32.8494 56.7268 18.0577
-32.2846 56.679 18.2185
-32.6095 56.7022 18.0996
-33.4897 57.7347 17.9166
-32.8637 56.6912 18.2892
-32.778 55.7174 18.6556
-33.693 57.6886 18.2602
-34.1721 57.6941 18.4078
-33.9796 57.694 18.2954
-33.3564 56.6721 18.6681
-33.8888 57.6453 18.6036
-33.828 56.6853 18.8157
-33.8445 57.6217 18.7576
-34.4493 57.6579 18.6736
-34.3825 56.7012 18.8858
-33.8728 56.6722 18.8923
-34.3349 56.6856 19.0398
-34.3528 57.6117 18.9816
-34.042 55.7391 19.2936
-34.8807 56.7031 19.1096
-36.0691 57.7168 18.8066
-35.8914 57.7184 18.6941
-34.7195 55.7698 19.1315
-36.5231 59.6889 18.4169
-35.4997 57.6646 18.9669
-35.19 56.7032 19.2205
-36.4407 57.7355 18.7635
-36.0308 55.8336 19.2292
-36.0308 55.8336 19.2292
-36.3127 57.6906 19.0709
-35.5712 54.9094 19.7145
-35.5922 55.7995 19.656
-36.2596 56.7462 19.3589
-36.783 57.6879 19.2936
-36.5885 56.7719 19.2397
-35.9455 55.817 19.6123
-36.6287 56.7462 19.6597
-36.6986 55.8579 19.6403
-36.531 55.8507 19.5276
-37.4539 56.8222 19.1895
-37.9105 57.7514 19.2776
-37.2178 55.8853 19.709
-37.1505 55.8785 19.8626
-37.7352 56.8084 19.6435
-36.8326 54.9842 20.116
-37.5723 55.9078 19.6649
-38.5067 56.8477 19.7461
-37.6894 56.7931 19.8719
-37.5232 55.8942 20.238
-38.3537 56.821 20.0528
-38.17 55.937 19.9994
-38.529 56.8476 19.8208
-38.9356 56.862 19.9676
-38.0239 55.9242 20.3061
-38.0239 55.9242 20.3061
-38.7479 55.967 20.3334
-37.7019 55.0496 20.5594
-38.1193 55.9348 20.2273
-38.6268 56.836 20.1613
-38.3016 56.8089 20.2806
-38.6268 56.836 20.1613
-39.3549 56.878 20.1886
-38.7683 55.9713 20.4079
-38.8765 56.8507 20.1952
-39.3549 56.878 20.1886
-39.4705 57.7763 19.976
-39.5034 58.6678 19.9163
-39.7708 59.582 19.8164
-39.3049 57.7376 20.2822
-38.7984 56.8381 20.3483
-39.2732 56.8652 20.3418
-39.9007 58.6691 20.0629
-38.8695 56.8254 20.6144
-39.3049 57.7376 20.2822
-39.3049 57.7376 20.2822
-39.4195 58.6417 20.0693
-39.3368 58.616 20.2223
-39.6689 58.6541 20.103
-38.1781 56.7876 20.661
-39.4522 59.5326 20.0093
-38.7514 57.6921 20.4416
-38.8594 58.5895 20.2286
-40.4015 60.5465 19.671
-40.5318 61.51 19.458
-40.093 61.4064 19.73
-40.2196 62.3772 19.5169
-39.3691 59.5003 20.1623
-40.093 61.4064 19.73
-38.6752 57.6737 20.5947
-39.9692 60.4567 19.9431
-38.4591 58.5271 20.5009
-38.5637 59.4314 20.2877
-39.4852 60.4298 19.9492
-39.266 61.3249 19.8552
-39.4852 60.4298 19.9492
-40.2196 62.3772 19.5169
-39.6906 61.4268 19.5831
-39.8137 62.4057 19.3699
-40.3121 62.4325 19.3641
-39.266 61.3249 19.8552
-38.1607 59.4377 20.1406
-39.3495 61.3715 19.7023
-39.266 61.3249 19.8552
-38.7488 60.3941 19.9214
-38.7488 60.3941 19.9214
-39.7412 63.2971 19.3893
-39.5549 62.3992 19.3363
-38.6036 61.3376 19.6744
-39.5549 62.3992 19.3363
-39.3291 63.3335 19.2421
-38.6036 61.3376 19.6744
-39.9575 64.3785 19.0232
-38.2705 61.2833 19.7936
-38.9515 62.3316 19.4217
-39.9212 63.4241 19.0837
-39.4158 63.3973 19.0893
-39.3813 62.4494 19.1497
-39.5039 63.4621 18.9365
-39.6941 64.3759 18.9895
-39.1523 63.3932 19.0555
-39.7849 64.4488 18.8367
-38.9515 62.3316 19.4217
-38.1942 62.3 19.3935
-39.3422 64.3015 19.1086
-38.0144 61.2758 19.7599
-38.805 63.3251 19.1746
-39.308 63.3518 19.169
-38.6916 62.3259 19.3879
-38.7727 62.3818 19.2349
-38.6916 62.3259 19.3879
-38.805 63.3251 19.1746
-38.4619 63.2579 19.2937
-38.4619 63.2579 19.2937
-38.805 63.3251 19.1746
-37.7573 61.2687 19.7261
-38.8142 64.2975 19.0411
-36.8541 60.2465 20.0644
-38.1229 63.1916 19.4129
-39.3548 65.284 18.9751
-38.6999 63.2809 19.2543
-38.7816 63.3448 19.1013
-39.1641 64.3717 18.922
-38.8142 64.2975 19.0411
-37.8612 63.1881 19.3791
-38.8142 64.2975 19.0411
-38.1993 63.2544 19.2599
-38.4308 62.3206 19.3541
-38.7816 63.3448 19.1013
-37.5698 61.3092 19.5392
-38.7816 63.3448 19.1013
-38.7816 63.3448 19.1013
-38.7816 63.3448 19.1013
-38.093 62.2602 19.4732
-38.093 62.2602 19.4732
-38.1993 63.2544 19.2599
-37.8612 63.1881 19.3791
-39.3204 64.3247 19.0354
-38.6999 63.2809 19.2543
-38.5882 62.2868 19.4675
-38.3587 63.2145 19.3734
-38.093 62.2602 19.4732
-37.9891 61.2879 19.6865
-38.5882 62.2868 19.4675
-38.6999 63.2809 19.2543
-38.093 62.2602 19.4732
-38.6999 63.2809 19.2543
-38.5882 62.2868 19.4675
-38.6999 63.2809 19.2543
-37.6595 61.2345 19.8057
-38.6195 63.2179 19.4073
-39.2342 64.253 19.1883
-38.3226 61.3419 19.5673
-37.9891 61.2879 19.6865
-38.3226 61.3419 19.5673
-37.9159 61.2411 19.8396
-38.093 62.2602 19.4732
-38.8474 62.292 19.5013
-38.2464 61.2946 19.7203
-37.7292 60.3584 19.7863
-38.8474 62.292 19.5013
-38.8474 62.292 19.5013
-38.2464 61.2946 19.7203
-39.4616 63.3117 19.2823
-37.8845 59.4316 20.0334
-39.1892 62.3527 19.3821
-39.073 61.3757 19.5952
-38.1713 61.2481 19.8734
-38.4723 60.3931 19.8143
-39.4482 62.3583 19.4159
-38.838 61.3561 19.6349
-38.2408 60.3756 19.854
-38.9911 61.3284 19.7482
-38.9911 61.3284 19.7482
-38.3959 60.3535 19.9673
-39.2457 61.3358 19.7819
-38.036 58.528 20.2804
-39.6718 61.4381 19.5098
-39.6718 61.4381 19.5098
-38.6487 60.3624 20.0011
-38.3892 59.4523 20.101
-39.5849 61.3904 19.6627
-38.3892 59.4523 20.101
-38.9806 60.4108 19.8818
-38.8695 59.4786 20.0949
-39.4661 60.4377 19.8757
-38.7911 59.4465 20.248
-39.8394 61.3983 19.6964
-38.7911 59.4465 20.248
-39.1197 59.4893 20.1286
-40.0578 60.4964 19.7902
-38.534 58.552 20.3479
-39.1197 59.4893 20.1286
-39.9692 60.4567 19.9431
-38.7816 58.5644 20.3816
-39.3368 58.616 20.2223
-39.848 59.5273 20.1561
-39.9692 60.4567 19.9431
-39.071 60.3426 20.2214
-39.3691 59.5003 20.1623
-40.2194 60.4666 19.9767
-38.3496 56.7911 20.8478
-40.3097 60.5062 19.8238
-39.5846 58.6285 20.256
-38.9974 57.706 20.4753
-40.0614 58.6557 20.2496
-39.9747 58.6303 20.4026
-40.0614 58.6557 20.2496
-38.813 56.8168 20.8414
-40.0086 59.5067 20.3426
-39.5015 58.6033 20.409
-38.9196 57.6877 20.6283
-39.4197 58.5785 20.5619
-39.8893 58.6053 20.5555
-39.4197 58.5785 20.5619
-40.3426 59.5502 20.2232
-39.6307 57.7282 20.6556
-39.198 56.8312 20.988
-39.198 56.8312 20.988
-39.8893 58.6053 20.5555
-39.3077 57.6957 20.775
-38.7673 57.6518 20.9344
-40.5187 60.4163 20.2761
-39.6632 58.5915 20.5955
-38.6637 56.7934 21.1476
-40.1322 58.6183 20.5891
-39.6632 58.5915 20.5955
-39.0847 57.6839 20.8149
-39.9227 59.4753 20.4955
-39.9227 59.4753 20.4955
-38.3535 56.7667 21.2671
-39.9227 59.4753 20.4955
-39.5954 59.4328 20.6149
-39.339 58.554 20.7149
-38.4533 57.6201 21.0539
-39.7373 59.4177 20.7279
-38.912 57.6459 21.0475
-38.5988 57.6145 21.167
-39.1622 58.5067 20.9474
-38.912 57.6459 21.0475
-38.5988 57.6145 21.167
-39.1622 58.5067 20.9474
-38.289 57.5834 21.2865
-38.2191 57.5663 21.4396
-37.9788 56.7292 21.5398
-39.5137 59.4022 20.7678
-38.7015 58.4805 20.9538
-38.5988 57.6145 21.167
-39.1622 58.5067 20.9474
-38.7714 58.447 21.2199
-38.6276 58.4569 21.1068
-39.5137 59.4022 20.7678
-38.5263 57.5972 21.32
-38.3881 58.4444 21.0733
-39.4145 59.376 20.8473
-37.7431 56.7143 21.5062
-37.1469 55.8573 21.8792
-39.1929 59.3605 20.8872
-38.5988 57.6145 21.167
-38.5988 57.6145 21.167
-38.289 57.5834 21.2865
-39.4145 59.376 20.8473
-37.9826 57.5528 21.4061
-38.9518 59.3492 20.8537
-39.5272 60.2731 20.6342
-38.078 58.4087 21.1928
-37.4427 56.6886 21.6258
-38.4614 58.4115 21.3395
-37.0852 56.6525 21.8986
-37.5319 57.5275 21.4125
-38.5619 59.2787 21.1262
-38.6353 59.3083 20.9732
-37.4427 56.6886 21.6258
-38.3223 59.2678 21.0927
-37.6795 57.5226 21.5257
-37.7052 58.3508 21.4654
-38.2516 59.2386 21.2457
-37.7052 58.3508 21.4654
-37.7052 58.3508 21.4654
-38.2516 59.2386 21.2457
-36.8517 56.6382 21.8651
-37.4044 58.3163 21.585
-37.7052 58.3508 21.4654
-38.2516 59.2386 21.2457
-37.7052 58.3508 21.4654
-38.2516 59.2386 21.2457
-37.4044 58.3163 21.585
-37.4044 58.3163 21.585
-37.9446 59.199 21.3653
-37.7052 58.3508 21.4654
-35.7762 54.9796 22.4583
-38.3223 59.2678 21.0927
-37.8512 58.3418 21.5786
-37.8512 58.3418 21.5786
-35.9769 54.9873 22.4182
-38.4957 60.0997 21.1456
-36.8517 56.6382 21.8651
-36.934 57.4676 21.6517
-37.9181 58.3645 21.4255
-38.0128 59.2279 21.2122
-37.023 57.4468 21.9181
-38.1546 58.3765 21.459
-37.6795 57.5226 21.5257
-37.6795 57.5226 21.5257
-37.6146 57.5058 21.6788
-38.1546 58.3765 21.459
-37.5258 56.6776 21.8921
-38.4614 58.4115 21.3395
-38.1546 58.3765 21.459
-37.3799 56.6777 21.779
-37.0023 55.8404 22.112
-38.1546 58.3765 21.459
-37.0852 56.6525 21.8986
-38.1546 58.3765 21.459
-37.9152 57.5359 21.5592
-37.9152 57.5359 21.5592
-37.823 56.703 21.7725
-38.3628 57.5618 21.5526
-37.823 56.703 21.7725
-37.9152 57.5359 21.5592
-37.7579 56.6921 21.9256
-38.6693 57.5924 21.433
-37.8858 55.9035 21.753
-38.5972 57.5753 21.5861
-38.0558 56.7177 21.806
-38.427 56.7547 21.5332
-38.5972 57.5753 21.5861
-39.4019 58.5194 20.9809
-38.357 56.7436 21.6863
-39.0087 58.4596 21.2534
-36.9236 54.2684 22.4591
-38.357 56.7436 21.6863
-39.2149 57.6373 21.347
-39.2149 57.6373 21.347
-38.3235 55.1287 21.88
-39.7329 56.85 21.3209
-38.725 55.9636 21.5473
-40.2007 58.583 20.9283
-39.515 56.8392 21.361
-39.515 56.8392 21.361
-39.515 56.8392 21.361
-40.0828 57.7156 21.1413
-38.6528 55.9582 21.7003
-39.515 56.8392 21.361
-38.8848 55.9751 21.7337
-39.4062 56.0064 21.574
-40.4044 57.7482 21.0218
-39.7176 56.0292 21.4544
-39.1614 55.1823 21.6742
-40.2008 56.8818 21.3877
-39.7176 56.0292 21.4544
-40.3185 57.7305 21.1747
-39.47 55.2007 21.5546
-39.838 55.2268 21.7008
-39.0866 55.1824 21.8272
-39.5295 55.2084 21.8204
-38.1561 53.5647 22.38
-40.1177 56.8703 21.5406
-39.6382 56.0236 21.6074
-39.0866 55.1824 21.8272
-40.1177 56.8703 21.5406
-40.2008 56.8818 21.3877
-38.7839 55.1644 21.9469
-40.2338 57.713 21.3276
-39.5599 56.018 21.7604
-39.9504 56.0466 21.4878
-39.9504 56.0466 21.4878
-40.0855 56.0501 21.6006
-38.884 53.5996 22.2533
-39.9504 56.0466 21.4878
-40.1499 55.2456 21.5812
-40.2659 56.0699 21.3683
-38.9449 52.8168 22.2338
-40.5979 55.2725 21.5741
-39.7279 54.4233 21.9136
-40.7184 56.0968 21.3614
-40.5128 55.2723 21.7271
-40.9158 55.2917 21.4546
-38.8459 52.0551 22.4467
-40.4799 54.4646 21.7868
-40.1691 54.4502 21.9064
-39.3476 54.4145 22.1864
-39.6199 53.6355 22.1264
-41.171 56.1244 21.3544
-38.0343 51.2849 22.7866
-40.1691 54.4502 21.9064
-38.5528 52.0533 22.5664
-39.7279 54.4233 21.9136
-39.0813 52.8368 22.3464
-39.4555 52.8266 22.0735
-40.4799 54.4646 21.7868
-40.0046 53.6348 21.8536
-39.6974 53.6249 21.9733
-40.1691 54.4502 21.9064
-39.6199 53.6355 22.1264
-39.4555 52.8266 22.0735
-40.1691 54.4502 21.9064
-40.1375 53.652 21.9659
-38.7584 52.0568 22.5257
-40.2512 54.445 21.7534
-39.1543 52.8209 22.1932
-39.5901 52.8474 22.1859
-40.4472 53.6621 21.8463
-40.1375 53.652 21.9659
-38.6624 51.3127 22.7384
-40.0569 53.6624 22.1191
-39.5141 52.863 22.3391
-39.0531 52.0584 22.4059
-39.5901 52.8474 22.1859
-39.5605 52.0641 22.2452
-40.026 52.8745 22.1784
-39.4849 52.0849 22.3985
-38.9539 51.3105 22.6186
-40.5777 53.6797 21.9584
-39.0253 51.2848 22.4653
-39.6672 52.8315 22.0327
-40.1062 52.8588 22.0253
-39.3352 52.0418 22.2117
-39.3352 52.0418 22.2117
-40.1875 52.8429 21.8721
-38.2776 50.4963 22.6518
-39.5166 52.794 21.846
-39.9593 52.8215 21.8385
-39.4868 51.9993 21.9051
-38.6462 51.2124 22.2448
-40.2884 53.6182 21.585
-40.6046 53.6276 21.4654
-39.287 52.7727 21.8124
-39.8904 52.7676 21.4983
-39.3338 51.9553 21.7181
-38.4618 50.3811 22.1165
-39.1026 51.9332 21.6843
-38.9999 51.1633 21.8966
-39.5485 51.9612 21.6767
-39.074 51.1361 21.7431
-38.8706 51.9113 21.6505
-38.1715 51.1492 22.1021
-38.7067 51.9397 21.8822
-39.1138 52.7217 21.5503
-39.1138 52.7217 21.5503
-37.799 51.0953 21.9561
-38.8802 52.7014 21.5165
-37.799 51.0953 21.9561
-38.0085 51.1005 21.9146
-38.0085 51.1005 21.9146
-39.1718 52.6934 21.3214
-38.0756 51.0735 21.761
-38.6909 51.8531 21.3876
-38.4548 51.8321 21.3535
-37.8175 50.2598 21.7853
-38.3569 51.0524 21.5655
-38.4548 51.8321 21.3535
-37.4372 50.1991 21.6393
-38.6001 51.7868 21.0462
-38.1914 51.0029 21.3776
-38.1914 51.0029 21.3776
-37.0943 48.6381 21.8753
-38.7167 51.0042 21.216
-36.2882 47.9028 22.2149
-38.3059 50.1317 21.128
-38.3778 50.0971 20.9742
-36.6845 48.5454 21.6526
-38.0662 50.109 21.0937
-37.6084 50.0798 21.1016
-36.806 47.683 21.4791
-37.4936 48.5091 21.371
-37.2553 48.4845 21.3365
-37.319 48.4389 21.1825
-37.319 48.4389 21.1825
-37.8686 49.2345 20.9629
-37.0782 48.4145 21.1479
-36.5197 46.8418 21.4249
-37.6013 48.3979 20.9856
-36.2803 46.8155 21.3902
-36.358 47.5575 21.1787
-37.7626 49.1282 20.6202
-36.7802 47.4245 20.7508
-37.2458 47.4541 20.7426
-36.9998 47.4283 20.7079
-36.7529 47.4028 20.673
-35.9063 46.6485 21.012
-36.4458 47.4313 20.7925
-35.3777 45.8817 21.2316
-36.7529 47.4028 20.673
-35.9611 46.5897 20.8576
-34.6621 45.0342 21.2617
-36.1778 46.5934 20.8143
-35.2322 45.7264 20.8877
-35.6571 46.3785 20.4026
-36.7754 48.001 19.9641
-36.6889 47.2114 20.1751
-35.5713 46.417 20.4787
-35.0327 45.6336 20.6981
-36.1213 47.2172 20.2594
-36.5814 47.9248 19.7747
-35.8443 47.0357 19.8826
-36.5814 47.9248 19.7747
-34.5952 44.7223 20.6083
-34.2992 44.7668 20.7277
-35.4237 46.2664 20.1345
-35.8122 47.0144 19.8042
-35.8122 47.0144 19.8042
-35.2529 46.199 20.0234
-36.3837 47.8478 19.5852
-34.9264 45.4029 20.1991
-34.3871 44.6201 20.4184
-36.04 47.0199 19.7608
-35.6202 46.0955 19.7496
-35.6763 46.029 19.5951
-35.9281 46.8949 19.4953
-35.3587 46.0685 19.7143
-34.3709 43.8028 20.4746
-35.8486 46.099 19.7061
-36.4233 46.9261 19.4871
-35.4129 46.0018 19.5597
-35.3587 46.0685 19.7143
-35.7708 45.3202 19.9169
-35.2671 44.4508 19.9814
-34.8328 44.3427 19.835
-36.2303 45.9922 19.4324
-35.1453 44.2931 19.7157
-34.5265 42.7612 20.1456
-36.4481 44.3043 19.5798
-35.3149 42.7328 20.0179
-35.9547 44.2733 19.5882
-36.8647 45.0383 19.2501
-36.2778 44.2227 19.469
-36.6047 44.1716 19.3499
-35.9432 42.6154 19.7793
-37.0798 43.3436 19.3971
-35.9223 41.7793 19.8351
-36.41 41.8099 19.8263
-37.3419 43.3762 19.4325
-35.6739 40.9543 19.9349
-36.9903 41.7806 19.7425
-37.884 41.6464 19.4598
-37.2234 40.9828 19.8334
-36.3335 40.3061 20.1718
-37.7115 41.0141 19.8243
-37.9403 40.2242 19.915
-36.8801 39.4564 20.1433
-36.2969 37.9358 20.4177
-37.2695 38.7961 20.344
-38.3918 38.6676 20.0958
-37.5878 38.7166 20.2246
-37.8126 37.9536 20.315
-37.7175 37.2851 20.5246
-37.0705 35.9588 20.9536
-37.1344 35.8223 20.7986
-37.9386 36.5405 20.6147
-37.3782 35.8661 20.8341
-36.8293 35.2056 21.0536
-37.5073 34.5184 21.1335
-37.9663 34.5486 21.1232
-38.061 35.1694 20.914
-37.9663 34.5486 21.1232
-38.2764 34.449 21.0037
-38.4172 33.8852 21.2483
-37.8684 33.2572 21.4679
-36.8543 30.902 22.2794
-38.5046 31.8581 21.6004
-37.3708 30.8383 22.1952
-36.8548 30.2659 22.4151
-37.8969 31.422 21.9753
-38.1026 30.7536 22.0644
-37.8457 29.3531 22.2181
-38.8429 30.6685 21.9335
-38.3759 29.9214 21.9982
-37.9343 29.8921 22.0094
-38.2832 29.3822 22.2067
-38.5795 29.2608 22.087
-38.4853 28.7302 22.2954
-39.0198 29.2904 22.0755
-38.0267 28.0008 22.36
-37.9388 27.4885 22.5684
-39.2958 28.4557 22.0087
-38.2284 27.3593 22.4486
-38.2284 27.3593 22.4486
-39.6002 28.3284 21.889
-39.27 27.7475 22.0614
-38.2056 26.6674 22.5013
-38.7327 27.2022 22.2813
-38.8046 27.0136 22.1259
-37.9819 26.6116 22.4656
-39.4239 27.3713 21.7506
-39.7326 27.2363 21.631
-38.7103 25.9483 21.9151
-39.1546 25.9775 21.9032
-39.0265 26.4317 21.6595
-38.9265 25.9192 21.8673
-38.9265 25.9192 21.8673
-39.0012 25.7181 21.7118
-37.5486 24.3238 22.479
-38.0699 24.8359 22.259
-37.9318 25.2707 22.0153
-37.0979 24.2063 22.4069
-36.9294 23.3432 22.3513
-38.5154 24.889 21.6918
-37.0688 23.6076 21.9876
-36.5303 23.0074 22.123
-37.735 24.3151 21.32
-37.1736 23.077 21.5913
-36.7234 23.0488 21.6034
-37.2578 23.5679 21.3838
-37.5423 23.3124 21.1794
-37.147 23.0574 21.0356
-36.308 22.7001 21.3746
-36.9058 22.9942 20.9991
-36.4237 22.2405 21.0625
-35.1917 21.6359 21.2573
-36.0125 22.6078 20.7818
-36.0694 22.3726 20.6257
-36.1271 22.1339 20.4696
-35.8772 22.0686 20.4329
-35.8031 21.5706 20.6403
-34.5068 21.2043 20.9909
-34.0309 20.4566 21.0539
-35.7371 21.5116 20.0837
-33.9183 20.3704 20.4967
-33.864 19.8906 20.7042
-34.931 20.9157 20.2659
-33.1788 19.5399 20.5224
-33.2633 19.761 20.1583
-34.0399 21.0003 19.8397
-34.0399 21.0003 19.8397
-33.5253 19.4546 19.9532
-32.7436 19.6233 20.084
-32.7769 19.3578 19.9275
-32.7329 18.875 20.135
-31.2823 18.0535 20.2201
-32.0452 18.2316 19.7959
-32.0452 18.2316 19.7959
-31.6047 17.641 19.4939
-30.5453 16.1948 20.139
-31.3331 17.5673 19.4564
-31.3561 17.2772 19.2996
-30.5784 17.1769 19.2731
-29.2582 16.2381 20.1944
-30.0426 16.2101 19.6994
-30.5955 16.881 19.1164
-30.1153 16.2493 18.8138
-29.0732 15.2563 19.2507
-29.3061 15.6692 18.9944
-28.7963 15.6449 19.0051
-29.3219 15.8345 18.6299
-28.0082 14.3064 19.2365
-29.3266 14.7166 18.5237
-29.0314 14.9592 18.6427
-29.042 15.1134 18.2783
-27.9299 14.7743 18.5775
-27.6972 13.7074 18.5197
-28.7466 15.032 18.2403
-28.7517 15.1913 17.8759
-27.3904 14.0919 18.2739
-27.3678 14.2326 17.9093
-27.9014 14.7466 17.6913
-27.6016 15.0013 17.8102
-27.0626 14.1486 17.8711
-26.5664 13.1796 18.2968
-26.2597 13.903 18.208
-25.7363 13.0727 18.2689
-25.4598 13.3303 18.3878
-25.4598 13.3303 18.3878
-23.9975 11.5857 18.885
-25.4681 12.5325 18.4384
-25.4681 12.5325 18.4384
-25.4069 12.6413 18.0734
-24.5982 12.8822 18.2024
-24.609 12.0777 18.253
-24.8822 11.8098 18.1341
-24.6853 11.9805 18.6181
-23.6605 11.154 18.6892
-24.0918 11.2563 18.3136
-24.0918 11.2563 18.3136
-24.0918 11.2563 18.3136
-24.0918 11.2563 18.3136
-23.5776 10.4405 18.3742
-24.0535 10.896 18.1562
-23.8017 9.79301 18.0978
-23.5776 10.4405 18.3742
-23.4917 9.70246 18.0592
-22.7606 9.54128 18.3961
-23.0813 8.84568 18.4849
-23.286 9.56191 18.3859
-23.7605 9.41582 17.9404
-23.2364 8.58998 18.0007
-23.1274 8.62085 17.6355
-22.7155 7.76987 18.061
-22.972 8.88106 18.1196
-23.1899 8.20043 17.8432
-23.1899 8.20043 17.8432
-23.5181 7.49054 17.9319
-23.474 7.08987 17.7744
-22.7155 7.76987 18.061
-22.3223 6.95776 18.4867
-22.7968 6.58416 18.3186
-22.7968 6.58416 18.3186
-22.8607 6.20242 18.5261
-22.8607 6.20242 18.5261
-21.9638 5.42712 18.9623
-22.3389 6.18333 18.5366
-22.8607 6.20242 18.5261
-22.4072 5.81032 18.7442
-23.4367 5.2244 18.4955
-23.3348 5.18649 18.1305
-22.5582 4.69896 18.3095
-23.0719 5.49727 18.2494
-22.609 5.10781 18.4674
-22.609 5.10781 18.4674
-23.3348 5.18649 18.1305
-22.609 5.10781 18.4674
-22.8169 4.38401 18.1906
-22.1734 3.96786 18.7349
-22.1734 3.96786 18.7349
-22.2945 4.0273 19.1003
-21.8603 3.67111 19.3185
-22.5407 3.72155 18.9812
-22.4907 3.31247 18.8232
-22.4237 3.65559 18.6159
-22.9435 3.67365 18.6051
-22.2245 2.98018 18.7149
-22.6772 3.33944 18.4969
-22.7417 2.99771 18.7042
-22.8048 2.66359 18.9114
-22.8048 2.66359 18.9114
-21.9259 1.98319 19.3478
-22.3605 2.31956 19.1295
-21.9956 1.67068 19.5551
-22.4263 2.00004 19.3367
-22.4263 2.00004 19.3367
-22.4263 2.00004 19.3367
-22.4263 2.00004 19.3367
-22.1826 0.93966 19.2777
-21.7531 0.621247 19.496
-22.4256 0.618097 19.1586
-22.375 0.187414 19.0005
-22.6227 -0.14354 18.8814
-22.4256 0.618097 19.1586
-22.375 0.187414 19.0005
-21.9371 -0.126894 19.2186
-22.1792 -0.455959 19.0995
-22.1953 -1.18438 19.1483
-22.1264 -0.896828 18.9414
-22.6378 -0.881129 18.9302
-22.1953 -1.18438 19.1483
-21.9537 -0.85166 19.2675
-21.7624 -1.48088 19.3666
-21.8337 -1.75602 19.5735
-22.2627 -1.46568 19.3552
-22.1427 -1.63002 18.9901
-21.7069 -1.92381 19.2083
-22.1427 -1.63002 18.9901
-21.6505 -2.37402 19.05
-21.7069 -1.92381 19.2083
-21.1423 -2.38869 19.0611
-21.3813 -2.73459 18.942
-21.5931 -2.83169 18.8917
-21.6505 -2.37402 19.05
-21.1423 -2.38869 19.0611
-21.2213 -2.65849 19.2681
-20.6543 -3.12737 19.1209
-21.0806 -2.84621 18.9028
-20.8429 -2.49871 19.0219
-20.6543 -3.12737 19.1209
-21.0806 -2.84621 18.9028
-20.6543 -3.12737 19.1209
-20.6543 -3.12737 19.1209
-20.6543 -3.12737 19.1209
-20.9985 -2.5732 18.6958
-20.7586 -2.22355 18.8148
-20.5015 -3.32548 18.7554
-19.9852 -3.33935 18.7662
-20.4122 -3.05552 18.5483
-19.9852 -3.33935 18.7662
-19.8476 -3.2523 19.0925
-20.1479 -3.14129 19.1318
-20.2656 -2.9722 18.8745
-20.2656 -2.9722 18.8745
-19.8476 -3.2523 19.0925
-19.8476 -3.2523 19.0925
-19.7527 -2.9862 18.8852
-20.1742 -2.69999 18.6673
-20.2656 -2.9722 18.8745
-20.1742 -2.69999 18.6673
-19.6556 -2.71409 18.6779
-19.6787 -3.45283 18.7269
-20.4122 -3.05552 18.5483
-19.8161 -3.54525 18.4007
-20.4122 -3.05552 18.5483
-20.3426 -3.53143 18.3901
-19.9128 -3.81202 18.6079
-19.9128 -3.81202 18.6079
-19.4927 -4.08619 18.8258
-20.0073 -4.07282 18.815
-20.3426 -3.53143 18.3901
-20.5015 -3.32548 18.7554
-19.7243 -4.44732 18.7068
-19.7979 -3.97183 18.8651
-20.1498 -4.17569 18.4889
-20.3898 -4.54393 18.3699
-20.1498 -4.17569 18.4889
-19.9587 -4.81293 18.5878
-20.5425 -4.65766 18.0439
-20.7909 -5.03801 17.9251
-20.8118 -5.80113 17.9739
-21.1828 -5.2763 17.5495
-21.1828 -5.2763 17.5495
-20.9077 -6.46708 17.4901
-20.8118 -5.80113 17.9739
